1546885530	0	1546885534
1546885534	2	1546885545
1546885545	4	1546885560
1546885560	6	1546885575
1546885575	8	1546885590
1546885590	10	1546885605
1546885605	12	1546885620
1546885620	14	1546885635
1546885635	16	1546885650
1546885650	18	1546885665
1546885665	20	1546885680
1546885680	22	1546885695
1546885695	24	1546885710
1546885710	26	1546885717
1546885717	25	1546885720
1546885720	24	1546885728
1546885728	26	1546885729
1546885729	24	1546885740
1546885740	26	1546885743
1546885743	24	1546885755
1546885755	26	1546885761
1546885761	24	1546885770
1546885770	26	1546885773
1546885773	24	1546885785
1546885785	25	1546885786
1546885786	26	1546885788
1546885788	24	1546885800
1546885800	25	1546885801
1546885801	26	1546885804
1546885804	24	1546885816
1546885816	26	1546885818
1546885818	24	1546885831
1546885831	26	1546885835
1546885835	24	1546885846
1546885846	26	1546885848
1546885848	24	1546885861
1546885861	26	1546885864
1546885864	24	1546885876
1546885876	26	1546885881
1546885881	24	1546885891
1546885891	26	1546885896
1546885896	24	1546885906
1546885906	26	1546885912
1546885912	24	1546885921
1546885921	26	1546885924
1546885924	24	1546885936
1546885936	26	1546885938
1546885938	24	1546885951
1546885951	26	1546885953
1546885953	24	1546885967
1546885967	26	1546885968
1546885968	24	1546885981
1546885981	26	1546885983
1546885983	24	1546885996
1546885996	26	1546885998
1546885998	24	1546886011
1546886011	26	1546886015
1546886015	24	1546886027
1546886027	25	1546886032
1546886032	26	1546886033
1546886033	25	1546886035
1546886035	24	1546886041
1546886041	26	1546886043
1546886043	24	1546886056
1546886056	26	1546886065
1546886065	25	1546886067
1546886067	24	1546886071
1546886071	26	1546886079
1546886079	24	1546886086
1546886086	26	1546886088
1546886088	25	1546886089
1546886089	24	1546886101
1546886101	26	1546886109
1546886109	24	1546886116
1546886116	26	1546886123
1546886123	24	1546886131
1546886131	26	1546886141
1546886141	25	1546886142
1546886142	24	1546886146
1546886146	26	1546886153
1546886153	24	1546886162
1546886162	26	1546886164
1546886164	24	1546886176
1546886176	26	1546886184
1546886184	24	1546886191
1546886191	26	1546886197
1546886197	24	1546886206
1546886206	26	1546886210
1546886210	25	1546886214
1546886214	24	1546886222
1546886222	26	1546886223
1546886223	24	1546886236
1546886236	26	1546886238
1546886238	24	1546886251
1546886251	26	1546886253
1546886253	24	1546886266
1546886266	26	1546886268
1546886268	24	1546886282
1546886282	26	1546886284
1546886284	24	1546886297
1546886297	26	1546886298
1546886298	24	1546886312
1546886312	26	1546886313
1546886313	24	1546886327
1546886327	26	1546886329
1546886329	24	1546886342
1546886342	26	1546886344
1546886344	24	1546886357
1546886357	26	1546886359
1546886359	24	1546886372
1546886372	26	1546886374
1546886374	24	1546886387
1546886387	26	1546886389
1546886389	24	1546886402
1546886402	26	1546886405
1546886405	24	1546886417
1546886417	26	1546886419
1546886419	24	1546886432
1546886432	26	1546886434
1546886434	24	1546886447
1546886447	26	1546886449
1546886449	24	1546886462
1546886462	26	1546886464
1546886464	24	1546886477
1546886477	26	1546886480
1546886480	24	1546886492
1546886492	26	1546886497
1546886497	24	1546886507
1546886507	26	1546886511
1546886511	24	1546886522
1546886522	26	1546886525
1546886525	24	1546886537
1546886537	26	1546886540
1546886540	24	1546886552
1546886552	26	1546886555
1546886555	24	1546886567
1546886567	26	1546886572
1546886572	24	1546886582
1546886582	26	1546886585
1546886585	24	1546886597
1546886597	26	1546886600
1546886600	24	1546886612
1546886612	26	1546886616
1546886616	24	1546886627
1546886627	26	1546886630
1546886630	25	1546886631
1546886631	24	1546886642
1546886642	26	1546886645
1546886645	24	1546886658
1546886658	26	1546886660
1546886660	24	1546886672
1546886672	26	1546886679
1546886679	25	1546886680
1546886680	24	1546886687
1546886687	26	1546886694
1546886694	24	1546886702
1546886702	26	1546886705
1546886705	24	1546886717
1546886717	25	1546886718
1546886718	26	1546886720
1546886720	24	1546886733
1546886733	26	1546886735
1546886735	24	1546886748
1546886748	26	1546886750
1546886750	24	1546886763
1546886763	26	1546886765
1546886765	24	1546886778
1546886778	26	1546886780
1546886780	24	1546886793
1546886793	26	1546886796
1546886796	24	1546886808
1546886808	26	1546886811
1546886811	24	1546886823
1546886823	26	1546886825
1546886825	24	1546886838
1546886838	26	1546886841
1546886841	24	1546886853
1546886853	26	1546886855
1546886855	24	1546886874
1546886874	24	1546886883
1546886883	26	1546886886
1546886886	24	1546886898
1546886898	26	1546886901
1546886901	24	1546886913
1546886913	26	1546886915
1546886915	24	1546886928
1546886928	26	1546886931
1546886931	24	1546886943
1546886943	26	1546886948
1546886948	24	1546886958
1546886958	26	1546886960
1546886960	24	1546886973
1546886973	26	1546886981
1546886981	24	1546886988
1546886988	26	1546886990
1546886990	24	1546887003
1546887003	26	1546887005
1546887005	24	1546887018
1546887018	26	1546887020
1546887020	24	1546887034
1546887034	26	1546887036
1546887036	24	1546887048
1546887048	26	1546887057
1546887057	24	1546887063
1546887063	26	1546887066
1546887066	24	1546887078
1546887078	26	1546887080
1546887080	24	1546887093
1546887093	26	1546887095
1546887095	24	1546887108
1546887108	26	1546887111
1546887111	24	1546887123
1546887123	26	1546887125
1546887125	24	1546887138
1546887138	26	1546887140
1546887140	24	1546887153
1546887153	26	1546887156
1546887156	24	1546887169
1546887169	26	1546887170
1546887170	24	1546887184
1546887184	26	1546887186
1546887186	24	1546887199
1546887199	26	1546887202
1546887202	24	1546887214
1546887214	26	1546887216
1546887216	24	1546887229
1546887229	26	1546887232
1546887232	24	1546887244
1546887244	26	1546887246
1546887246	24	1546887259
1546887259	26	1546887261
1546887261	24	1546887274
1546887274	26	1546887276
1546887276	24	1546887289
1546887289	26	1546887291
1546887291	24	1546887304
1546887304	26	1546887306
1546887306	24	1546887319
1546887319	26	1546887322
1546887322	24	1546887334
1546887334	26	1546887337
1546887337	24	1546887349
1546887349	26	1546887352
1546887352	24	1546887364
1546887364	26	1546887367
1546887367	24	1546887379
1546887379	26	1546887383
1546887383	24	1546887394
1546887394	26	1546887400
1546887400	24	1546887410
1546887410	26	1546887415
1546887415	24	1546887424
1546887424	26	1546887430
1546887430	24	1546887439
1546887439	26	1546887445
1546887445	24	1546887454
1546887454	26	1546887461
1546887461	24	1546887469
1546887469	26	1546887474
1546887474	24	1546887484
1546887484	26	1546887489
1546887489	24	1546887499
1546887499	26	1546887502
1546887502	24	1546887514
1546887514	26	1546887517
1546887517	24	1546887529
1546887529	26	1546887532
1546887532	24	1546887544
1546887544	26	1546887546
1546887546	24	1546887559
1546887559	26	1546887561
1546887561	24	1546887574
1546887574	26	1546887577
1546887577	24	1546887589
1546887589	26	1546887592
1546887592	24	1546887605
1546887605	26	1546887606
1546887606	24	1546887620
1546887620	26	1546887621
1546887621	24	1546887635
1546887635	26	1546887637
1546887637	24	1546887650
1546887650	26	1546887652
1546887652	24	1546887665
1546887665	26	1546887667
1546887667	24	1546887680
1546887680	26	1546887681
1546887681	25	1546887682
1546887682	24	1546887695
1546887695	26	1546887698
1546887698	24	1546887710
1546887710	26	1546887712
1546887712	24	1546887725
1546887725	26	1546887727
1546887727	24	1546887740
1546887740	26	1546887742
1546887742	24	1546887755
1546887755	26	1546887757
1546887757	24	1546887774
1546887774	24	1546887785
1546887785	26	1546887787
1546887787	24	1546887800
1546887800	26	1546887802
1546887802	24	1546887815
1546887815	26	1546887817
1546887817	25	1546887818
1546887818	24	1546887830
1546887830	26	1546887832
1546887832	24	1546887845
1546887845	26	1546887848
1546887848	24	1546887860
1546887860	26	1546887868
1546887868	24	1546887875
1546887875	26	1546887881
1546887881	24	1546887890
1546887890	26	1546887892
1546887892	24	1546887905
1546887905	26	1546887907
1546887907	24	1546887920
1546887920	26	1546887922
1546887922	24	1546887935
1546887935	25	1546887936
1546887936	26	1546887937
1546887937	24	1546887951
1546887951	26	1546887957
1546887957	24	1546887966
1546887966	26	1546887968
1546887968	24	1546887981
1546887981	26	1546887983
1546887983	24	1546887996
1546887996	26	1546887998
1546887998	24	1546888011
1546888011	26	1546888013
1546888013	24	1546888026
1546888026	26	1546888028
1546888028	24	1546888041
1546888041	26	1546888043
1546888043	24	1546888056
1546888056	26	1546888058
1546888058	24	1546888071
1546888071	26	1546888073
1546888073	24	1546888086
1546888086	26	1546888088
1546888088	24	1546888101
1546888101	26	1546888103
1546888103	24	1546888116
1546888116	26	1546888118
1546888118	24	1546888131
1546888131	26	1546888133
1546888133	24	1546888146
1546888146	26	1546888148
1546888148	24	1546888161
1546888161	25	1546888162
1546888162	26	1546888163
1546888163	24	1546888176
1546888176	26	1546888178
1546888178	24	1546888191
1546888191	26	1546888193
1546888193	24	1546888206
1546888206	26	1546888208
1546888208	24	1546888221
1546888221	26	1546888223
1546888223	24	1546888236
1546888236	26	1546888238
1546888238	24	1546888251
1546888251	26	1546888253
1546888253	24	1546888266
1546888266	26	1546888269
1546888269	24	1546888281
1546888281	26	1546888283
1546888283	24	1546888296
1546888296	26	1546888298
1546888298	24	1546888311
1546888311	26	1546888313
1546888313	24	1546888326
1546888326	26	1546888328
1546888328	24	1546888341
1546888341	26	1546888344
1546888344	24	1546888356
1546888356	26	1546888358
1546888358	24	1546888372
1546888372	26	1546888374
1546888374	24	1546888387
1546888387	26	1546888389
1546888389	24	1546888402
1546888402	26	1546888403
1546888403	25	1546888404
1546888404	24	1546888417
1546888417	26	1546888419
1546888419	24	1546888432
1546888432	26	1546888434
1546888434	24	1546888447
1546888447	26	1546888449
1546888449	24	1546888462
1546888462	26	1546888465
1546888465	24	1546888477
1546888477	26	1546888479
1546888479	24	1546888492
1546888492	26	1546888494
1546888494	24	1546888507
1546888507	26	1546888509
1546888509	24	1546888522
1546888522	26	1546888524
1546888524	24	1546888537
1546888537	26	1546888539
1546888539	24	1546888552
1546888552	26	1546888554
1546888554	24	1546888567
1546888567	26	1546888569
1546888569	24	1546888582
1546888582	26	1546888585
1546888585	24	1546888597
1546888597	26	1546888599
1546888599	24	1546888612
1546888612	26	1546888614
1546888614	24	1546888627
1546888627	26	1546888629
1546888629	24	1546888642
1546888642	26	1546888644
1546888644	24	1546888657
1546888657	26	1546888659
1546888659	24	1546888676
1546888676	24	1546888687
1546888687	26	1546888690
1546888690	24	1546888702
1546888702	26	1546888704
1546888704	24	1546888717
1546888717	26	1546888726
1546888726	25	1546888728
1546888728	24	1546888732
1546888732	26	1546888734
1546888734	25	1546888735
1546888735	24	1546888747
1546888747	26	1546888750
1546888750	24	1546888763
1546888763	26	1546888770
1546888770	24	1546888778
1546888778	26	1546888782
1546888782	24	1546888793
1546888793	26	1546888794
1546888794	24	1546888808
1546888808	26	1546888810
1546888810	24	1546888823
1546888823	26	1546888825
1546888825	24	1546888838
1546888838	26	1546888850
1546888850	24	1546888853
1546888853	26	1546888858
1546888858	24	1546888868
1546888868	26	1546888870
1546888870	24	1546888883
1546888883	26	1546888885
1546888885	24	1546888898
1546888898	26	1546888900
1546888900	24	1546888914
1546888914	26	1546888915
1546888915	24	1546888928
1546888928	26	1546888930
1546888930	24	1546888943
1546888943	26	1546888945
1546888945	24	1546888958
1546888958	26	1546888960
1546888960	24	1546888973
1546888973	26	1546888975
1546888975	24	1546888988
1546888988	26	1546888990
1546888990	24	1546889003
1546889003	26	1546889005
1546889005	24	1546889018
1546889018	26	1546889021
1546889021	24	1546889033
1546889033	26	1546889036
1546889036	24	1546889048
1546889048	26	1546889051
1546889051	24	1546889063
1546889063	26	1546889066
1546889066	24	1546889078
1546889078	26	1546889080
1546889080	24	1546889093
1546889093	26	1546889096
1546889096	24	1546889108
1546889108	26	1546889110
1546889110	24	1546889123
1546889123	26	1546889125
1546889125	24	1546889138
1546889138	26	1546889141
1546889141	24	1546889153
1546889153	26	1546889156
1546889156	24	1546889169
1546889169	26	1546889171
1546889171	24	1546889184
1546889184	26	1546889186
1546889186	24	1546889199
1546889199	26	1546889201
1546889201	24	1546889214
1546889214	26	1546889216
1546889216	24	1546889229
1546889229	26	1546889231
1546889231	24	1546889244
1546889244	26	1546889246
1546889246	24	1546889259
1546889259	26	1546889261
1546889261	24	1546889274
1546889274	26	1546889276
1546889276	24	1546889289
1546889289	26	1546889291
1546889291	24	1546889304
1546889304	26	1546889307
1546889307	24	1546889319
1546889319	26	1546889322
1546889322	24	1546889334
1546889334	26	1546889336
1546889336	24	1546889349
1546889349	26	1546889351
1546889351	25	1546889352
1546889352	24	1546889364
1546889364	26	1546889366
1546889366	24	1546889379
1546889379	26	1546889381
1546889381	24	1546889394
1546889394	26	1546889396
1546889396	24	1546889409
1546889409	26	1546889411
1546889411	24	1546889424
1546889424	26	1546889426
1546889426	24	1546889439
1546889439	26	1546889441
1546889441	24	1546889454
1546889454	26	1546889456
1546889456	24	1546889469
1546889469	26	1546889472
1546889472	24	1546889484
1546889484	26	1546889486
1546889486	24	1546889499
1546889499	26	1546889501
1546889501	24	1546889514
1546889514	26	1546889516
1546889516	24	1546889529
1546889529	26	1546889531
1546889531	25	1546889532
1546889532	24	1546889544
1546889544	26	1546889546
1546889546	25	1546889547
1546889547	24	1546889559
1546889559	26	1546889562
1546889562	24	1546889575
1546889575	26	1546889577
1546889577	24	1546889590
1546889590	26	1546889592
1546889592	24	1546889605
1546889605	26	1546889613
1546889613	24	1546889620
1546889620	26	1546889627
1546889627	24	1546889635
1546889635	26	1546889637
1546889637	24	1546889650
1546889650	26	1546889652
1546889652	24	1546889665
1546889665	26	1546889667
1546889667	24	1546889680
1546889680	26	1546889682
1546889682	24	1546889695
1546889695	26	1546889697
1546889697	24	1546889710
1546889710	26	1546889712
1546889712	24	1546889725
1546889725	26	1546889732
1546889732	24	1546889740
1546889740	26	1546889749
1546889749	24	1546889755
1546889755	26	1546889758
1546889758	24	1546889770
1546889770	26	1546889772
1546889772	24	1546889785
1546889785	26	1546889788
1546889788	24	1546889800
1546889800	26	1546889802
1546889802	24	1546889815
1546889815	26	1546889817
1546889817	24	1546889831
1546889831	26	1546889832
1546889832	24	1546889845
1546889845	26	1546889848
1546889848	24	1546889860
1546889860	26	1546889862
1546889862	25	1546889863
1546889863	24	1546889875
1546889875	26	1546889877
1546889877	24	1546889890
1546889890	26	1546889892
1546889892	24	1546889905
1546889905	26	1546889908
1546889908	24	1546889920
1546889920	26	1546889923
1546889923	24	1546889935
1546889935	26	1546889938
1546889938	24	1546889950
1546889950	26	1546889953
1546889953	24	1546889965
1546889965	26	1546889968
1546889968	24	1546889981
1546889981	26	1546889983
1546889983	24	1546889996
1546889996	26	1546889998
1546889998	24	1546890011
1546890011	26	1546890013
1546890013	24	1546890026
1546890026	26	1546890028
1546890028	24	1546890041
1546890041	26	1546890043
1546890043	24	1546890056
1546890056	26	1546890058
1546890058	24	1546890071
1546890071	26	1546890074
1546890074	24	1546890086
1546890086	26	1546890088
1546890088	24	1546890101
1546890101	26	1546890103
1546890103	24	1546890116
1546890116	26	1546890118
1546890118	24	1546890131
1546890131	26	1546890134
1546890134	24	1546890146
1546890146	26	1546890148
1546890148	24	1546890161
1546890161	26	1546890163
1546890163	24	1546890176
1546890176	26	1546890179
1546890179	24	1546890191
1546890191	26	1546890193
1546890193	24	1546890206
1546890206	26	1546890208
1546890208	24	1546890221
1546890221	26	1546890224
1546890224	24	1546890236
1546890236	26	1546890238
1546890238	24	1546890251
1546890251	26	1546890253
1546890253	24	1546890266
1546890266	26	1546890268
1546890268	24	1546890281
1546890281	26	1546890283
1546890283	25	1546890284
1546890284	24	1546890296
1546890296	26	1546890298
1546890298	24	1546890311
1546890311	26	1546890313
1546890313	24	1546890326
1546890326	26	1546890329
1546890329	24	1546890341
1546890341	26	1546890343
1546890343	25	1546890344
1546890344	24	1546890356
1546890356	26	1546890359
1546890359	25	1546890360
1546890360	24	1546890372
1546890372	26	1546890374
1546890374	24	1546890387
1546890387	26	1546890389
1546890389	24	1546890402
1546890402	26	1546890404
1546890404	24	1546890417
1546890417	26	1546890419
1546890419	24	1546890432
1546890432	26	1546890434
1546890434	24	1546890447
1546890447	26	1546890449
1546890449	24	1546890462
1546890462	26	1546890464
1546890464	24	1546890477
1546890477	26	1546890479
1546890479	24	1546890492
1546890492	26	1546890495
1546890495	24	1546890507
1546890507	26	1546890515
1546890515	24	1546890522
1546890522	26	1546890529
1546890529	24	1546890537
1546890537	26	1546890546
1546890546	24	1546890552
1546890552	26	1546890554
1546890554	24	1546890567
1546890567	26	1546890570
1546890570	24	1546890582
1546890582	26	1546890584
1546890584	24	1546890597
1546890597	26	1546890601
1546890601	24	1546890612
1546890612	26	1546890615
1546890615	24	1546890627
1546890627	26	1546890635
1546890635	24	1546890642
1546890642	26	1546890650
1546890650	25	1546890651
1546890651	24	1546890657
1546890657	26	1546890660
1546890660	24	1546890672
1546890672	26	1546890674
1546890674	24	1546890687
1546890687	26	1546890690
1546890690	24	1546890702
1546890702	26	1546890704
1546890704	24	1546890717
1546890717	26	1546890720
1546890720	24	1546890732
1546890732	26	1546890735
1546890735	24	1546890747
1546890747	26	1546890750
1546890750	24	1546890762
1546890762	26	1546890764
1546890764	24	1546890777
1546890777	26	1546890780
1546890780	24	1546890793
1546890793	26	1546890795
1546890795	24	1546890807
1546890807	26	1546890810
1546890810	24	1546890823
1546890823	26	1546890825
1546890825	24	1546890838
1546890838	26	1546890840
1546890840	24	1546890853
1546890853	26	1546890855
1546890855	24	1546890868
1546890868	26	1546890870
1546890870	24	1546890883
1546890883	26	1546890885
1546890885	24	1546890898
1546890898	26	1546890900
1546890900	24	1546890913
1546890913	26	1546890916
1546890916	24	1546890928
1546890928	26	1546890930
1546890930	24	1546890943
1546890943	26	1546890945
1546890945	24	1546890958
1546890958	26	1546890961
1546890961	24	1546890973
1546890973	26	1546890976
1546890976	24	1546890988
1546890988	26	1546890990
1546890990	24	1546891003
1546891003	26	1546891005
1546891005	24	1546891018
1546891018	26	1546891020
1546891020	24	1546891033
1546891033	26	1546891036
1546891036	24	1546891048
1546891048	26	1546891050
1546891050	25	1546891051
1546891051	24	1546891063
1546891063	26	1546891065
1546891065	24	1546891078
1546891078	26	1546891081
1546891081	24	1546891093
1546891093	26	1546891096
1546891096	24	1546891108
1546891108	26	1546891111
1546891111	24	1546891123
1546891123	26	1546891126
1546891126	24	1546891138
1546891138	26	1546891141
1546891141	24	1546891153
1546891153	26	1546891156
1546891156	24	1546891169
1546891169	26	1546891170
1546891170	24	1546891183
1546891183	26	1546891186
1546891186	24	1546891198
1546891198	26	1546891201
1546891201	24	1546891213
1546891213	26	1546891216
1546891216	24	1546891228
1546891228	26	1546891231
1546891231	24	1546891244
1546891244	26	1546891246
1546891246	24	1546891259
1546891259	26	1546891262
1546891262	24	1546891274
1546891274	26	1546891278
1546891278	24	1546891289
1546891289	26	1546891291
1546891291	24	1546891304
1546891304	26	1546891306
1546891306	24	1546891319
1546891319	26	1546891321
1546891321	24	1546891334
1546891334	26	1546891336
1546891336	24	1546891349
1546891349	26	1546891352
1546891352	24	1546891364
1546891364	26	1546891372
1546891372	24	1546891379
1546891379	26	1546891382
1546891382	24	1546891394
1546891394	26	1546891396
1546891396	25	1546891397
1546891397	24	1546891409
1546891409	26	1546891412
1546891412	24	1546891424
1546891424	26	1546891427
1546891427	24	1546891439
1546891439	26	1546891447
1546891447	24	1546891454
1546891454	26	1546891457
1546891457	24	1546891469
1546891469	26	1546891472
1546891472	24	1546891484
1546891484	26	1546891487
1546891487	24	1546891499
1546891499	26	1546891501
1546891501	24	1546891514
1546891514	26	1546891517
1546891517	24	1546891529
1546891529	26	1546891534
1546891534	24	1546891545
1546891545	26	1546891550
1546891550	24	1546891559
1546891559	26	1546891562
1546891562	24	1546891574
1546891574	26	1546891577
1546891577	24	1546891589
1546891589	26	1546891593
1546891593	24	1546891604
1546891604	26	1546891607
1546891607	24	1546891619
1546891619	26	1546891622
1546891622	24	1546891634
1546891634	26	1546891637
1546891637	24	1546891649
1546891649	26	1546891652
1546891652	24	1546891664
1546891664	26	1546891667
1546891667	24	1546891680
1546891680	26	1546891682
1546891682	24	1546891695
1546891695	26	1546891697
1546891697	24	1546891710
1546891710	26	1546891712
1546891712	24	1546891725
1546891725	26	1546891728
1546891728	24	1546891740
1546891740	26	1546891742
1546891742	25	1546891743
1546891743	24	1546891755
1546891755	26	1546891757
1546891757	24	1546891770
1546891770	26	1546891773
1546891773	24	1546891785
1546891785	26	1546891787
1546891787	24	1546891800
1546891800	26	1546891802
1546891802	24	1546891815
1546891815	26	1546891818
1546891818	24	1546891830
1546891830	26	1546891833
1546891833	24	1546891845
1546891845	26	1546891847
1546891847	25	1546891848
1546891848	24	1546891860
1546891860	26	1546891862
1546891862	25	1546891863
1546891863	24	1546891875
1546891875	26	1546891878
1546891878	24	1546891890
1546891890	26	1546891893
1546891893	25	1546891894
1546891894	24	1546891905
1546891905	26	1546891908
1546891908	24	1546891921
1546891921	26	1546891923
1546891923	24	1546891935
1546891935	26	1546891938
1546891938	24	1546891950
1546891950	26	1546891953
1546891953	24	1546891965
1546891965	26	1546891968
1546891968	24	1546891980
1546891980	26	1546891983
1546891983	24	1546891995
1546891995	26	1546891998
1546891998	24	1546892010
1546892010	26	1546892013
1546892013	24	1546892025
1546892025	26	1546892028
1546892028	24	1546892040
1546892040	26	1546892043
1546892043	24	1546892055
1546892055	26	1546892058
1546892058	24	1546892070
1546892070	26	1546892074
1546892074	24	1546892086
1546892086	26	1546892088
1546892088	24	1546892101
1546892101	26	1546892103
1546892103	24	1546892116
1546892116	26	1546892119
1546892119	24	1546892131
1546892131	26	1546892133
1546892133	24	1546892146
1546892146	26	1546892148
1546892148	24	1546892161
1546892161	26	1546892164
1546892164	24	1546892176
1546892176	26	1546892178
1546892178	24	1546892191
1546892191	26	1546892194
1546892194	24	1546892206
1546892206	26	1546892208
1546892208	25	1546892209
1546892209	24	1546892221
1546892221	26	1546892224
1546892224	24	1546892236
1546892236	26	1546892239
1546892239	24	1546892251
1546892251	26	1546892254
1546892254	25	1546892255
1546892255	24	1546892271
1546892271	26	1546892274
1546892274	24	1546892281
1546892281	26	1546892285
1546892285	24	1546892296
1546892296	26	1546892299
1546892299	24	1546892311
1546892311	26	1546892314
1546892314	24	1546892326
1546892326	26	1546892329
1546892329	24	1546892341
1546892341	26	1546892348
1546892348	24	1546892356
1546892356	26	1546892360
1546892360	24	1546892371
1546892371	26	1546892379
1546892379	24	1546892386
1546892386	26	1546892390
1546892390	24	1546892401
1546892401	26	1546892404
1546892404	24	1546892416
1546892416	26	1546892419
1546892419	24	1546892431
1546892431	26	1546892434
1546892434	24	1546892446
1546892446	26	1546892455
1546892455	24	1546892461
1546892461	26	1546892464
1546892464	24	1546892476
1546892476	26	1546892480
1546892480	24	1546892491
1546892491	26	1546892494
1546892494	24	1546892506
1546892506	26	1546892509
1546892509	24	1546892522
1546892522	26	1546892525
1546892525	24	1546892537
1546892537	26	1546892539
1546892539	24	1546892552
1546892552	26	1546892554
1546892554	24	1546892567
1546892567	26	1546892569
1546892569	25	1546892570
1546892570	24	1546892582
1546892582	26	1546892585
1546892585	24	1546892597
1546892597	26	1546892600
1546892600	24	1546892612
1546892612	26	1546892615
1546892615	24	1546892627
1546892627	26	1546892630
1546892630	24	1546892642
1546892642	26	1546892645
1546892645	24	1546892657
1546892657	26	1546892660
1546892660	24	1546892672
1546892672	26	1546892675
1546892675	24	1546892687
1546892687	26	1546892689
1546892689	24	1546892702
1546892702	26	1546892705
1546892705	24	1546892717
1546892717	26	1546892719
1546892719	25	1546892720
1546892720	24	1546892732
1546892732	26	1546892734
1546892734	25	1546892735
1546892735	24	1546892747
1546892747	26	1546892749
1546892749	25	1546892750
1546892750	24	1546892762
1546892762	26	1546892765
1546892765	24	1546892777
1546892777	26	1546892780
1546892780	24	1546892792
1546892792	26	1546892795
1546892795	24	1546892807
1546892807	26	1546892810
1546892810	24	1546892822
1546892822	26	1546892825
1546892825	24	1546892837
1546892837	26	1546892840
1546892840	24	1546892852
1546892852	26	1546892856
1546892856	24	1546892867
1546892867	26	1546892871
1546892871	24	1546892883
1546892883	26	1546892886
1546892886	24	1546892897
1546892897	26	1546892901
1546892901	24	1546892912
1546892912	26	1546892915
1546892915	24	1546892927
1546892927	26	1546892930
1546892930	25	1546892931
1546892931	24	1546892942
1546892942	26	1546892946
1546892946	24	1546892958
1546892958	26	1546892960
1546892960	24	1546892973
1546892973	26	1546892977
1546892977	24	1546892988
1546892988	26	1546892990
1546892990	24	1546893003
1546893003	26	1546893006
1546893006	24	1546893018
1546893018	26	1546893020
1546893020	24	1546893033
1546893033	26	1546893035
1546893035	24	1546893048
1546893048	26	1546893052
1546893052	24	1546893063
1546893063	26	1546893066
1546893066	24	1546893078
1546893078	26	1546893081
1546893081	24	1546893093
1546893093	26	1546893096
1546893096	24	1546893108
1546893108	26	1546893111
1546893111	24	1546893123
1546893123	26	1546893126
1546893126	24	1546893138
1546893138	26	1546893142
1546893142	24	1546893153
1546893153	26	1546893156
1546893156	24	1546893173
1546893173	26	1546893175
1546893175	24	1546893183
1546893183	26	1546893186
1546893186	24	1546893198
1546893198	26	1546893201
1546893201	25	1546893202
1546893202	24	1546893213
1546893213	26	1546893216
1546893216	24	1546893228
1546893228	26	1546893231
1546893231	24	1546893243
1546893243	26	1546893248
1546893248	24	1546893258
1546893258	26	1546893261
1546893261	24	1546893273
1546893273	26	1546893282
1546893282	24	1546893288
1546893288	26	1546893291
1546893291	24	1546893303
1546893303	26	1546893306
1546893306	24	1546893318
1546893318	26	1546893321
1546893321	24	1546893333
1546893333	26	1546893336
1546893336	24	1546893348
1546893348	26	1546893357
1546893357	24	1546893363
1546893363	26	1546893367
1546893367	24	1546893378
1546893378	25	1546893379
1546893379	26	1546893381
1546893381	24	1546893394
1546893394	26	1546893397
1546893397	24	1546893409
1546893409	26	1546893412
1546893412	24	1546893424
1546893424	26	1546893426
1546893426	24	1546893439
1546893439	26	1546893443
1546893443	24	1546893454
1546893454	26	1546893457
1546893457	24	1546893469
1546893469	26	1546893471
1546893471	25	1546893472
1546893472	24	1546893484
1546893484	26	1546893487
1546893487	24	1546893499
1546893499	26	1546893503
1546893503	24	1546893514
1546893514	26	1546893517
1546893517	24	1546893529
1546893529	26	1546893532
1546893532	24	1546893544
1546893544	26	1546893547
1546893547	24	1546893559
1546893559	26	1546893562
1546893562	25	1546893563
1546893563	24	1546893574
1546893574	26	1546893577
1546893577	24	1546893589
1546893589	26	1546893592
1546893592	24	1546893604
1546893604	26	1546893608
1546893608	24	1546893619
1546893619	26	1546893622
1546893622	24	1546893634
1546893634	26	1546893637
1546893637	24	1546893649
1546893649	26	1546893652
1546893652	24	1546893664
1546893664	26	1546893667
1546893667	24	1546893679
1546893679	26	1546893684
1546893684	24	1546893694
1546893694	26	1546893697
1546893697	24	1546893709
1546893709	26	1546893712
1546893712	24	1546893724
1546893724	26	1546893727
1546893727	24	1546893739
1546893739	26	1546893744
1546893744	24	1546893754
1546893754	26	1546893758
1546893758	24	1546893769
1546893769	26	1546893773
1546893773	24	1546893784
1546893784	26	1546893787
1546893787	24	1546893800
1546893800	26	1546893803
1546893803	24	1546893815
1546893815	26	1546893818
1546893818	25	1546893819
1546893819	24	1546893830
1546893830	26	1546893833
1546893833	24	1546893845
1546893845	26	1546893848
1546893848	24	1546893860
1546893860	26	1546893862
1546893862	25	1546893863
1546893863	24	1546893875
1546893875	26	1546893879
1546893879	24	1546893890
1546893890	26	1546893893
1546893893	24	1546893905
1546893905	26	1546893908
1546893908	24	1546893920
1546893920	26	1546893923
1546893923	24	1546893935
1546893935	26	1546893938
1546893938	24	1546893950
1546893950	26	1546893953
1546893953	24	1546893965
1546893965	26	1546893968
1546893968	24	1546893980
1546893980	26	1546893984
1546893984	24	1546893995
1546893995	26	1546893998
1546893998	24	1546894010
1546894010	26	1546894013
1546894013	24	1546894025
1546894025	26	1546894031
1546894031	24	1546894040
1546894040	26	1546894043
1546894043	24	1546894055
1546894055	26	1546894058
1546894058	24	1546894075
1546894075	24	1546894085
1546894085	26	1546894089
1546894089	24	1546894100
1546894100	26	1546894104
1546894104	24	1546894115
1546894115	26	1546894125
1546894125	24	1546894130
1546894130	26	1546894134
1546894134	24	1546894145
1546894145	26	1546894150
1546894150	24	1546894160
1546894160	26	1546894170
1546894170	24	1546894176
1546894176	26	1546894183
1546894183	24	1546894190
1546894190	26	1546894194
1546894194	24	1546894205
1546894205	26	1546894209
1546894209	24	1546894221
1546894221	26	1546894224
1546894224	24	1546894236
1546894236	26	1546894238
1546894238	24	1546894251
1546894251	26	1546894259
1546894259	24	1546894266
1546894266	26	1546894270
1546894270	24	1546894281
1546894281	26	1546894284
1546894284	24	1546894296
1546894296	26	1546894300
1546894300	24	1546894311
1546894311	26	1546894315
1546894315	24	1546894326
1546894326	26	1546894329
1546894329	25	1546894330
1546894330	24	1546894341
1546894341	26	1546894344
1546894344	24	1546894356
1546894356	26	1546894359
1546894359	25	1546894360
1546894360	24	1546894371
1546894371	26	1546894375
1546894375	24	1546894386
1546894386	26	1546894390
1546894390	24	1546894401
1546894401	26	1546894404
1546894404	25	1546894405
1546894405	24	1546894416
1546894416	26	1546894420
1546894420	24	1546894431
1546894431	26	1546894434
1546894434	24	1546894446
1546894446	26	1546894450
1546894450	24	1546894461
1546894461	26	1546894465
1546894465	24	1546894476
1546894476	26	1546894479
1546894479	24	1546894491
1546894491	26	1546894494
1546894494	24	1546894506
1546894506	26	1546894510
1546894510	24	1546894521
1546894521	26	1546894526
1546894526	24	1546894536
1546894536	26	1546894539
1546894539	24	1546894552
1546894552	26	1546894555
1546894555	24	1546894566
1546894566	26	1546894570
1546894570	24	1546894581
1546894581	26	1546894584
1546894584	24	1546894596
1546894596	26	1546894599
1546894599	25	1546894600
1546894600	24	1546894611
1546894611	26	1546894615
1546894615	24	1546894626
1546894626	26	1546894631
1546894631	24	1546894641
1546894641	26	1546894646
1546894646	24	1546894656
1546894656	26	1546894661
1546894661	24	1546894672
1546894672	26	1546894676
1546894676	24	1546894687
1546894687	26	1546894691
1546894691	24	1546894702
1546894702	26	1546894706
1546894706	24	1546894717
1546894717	26	1546894720
1546894720	24	1546894732
1546894732	26	1546894735
1546894735	24	1546894747
1546894747	26	1546894751
1546894751	24	1546894762
1546894762	26	1546894766
1546894766	24	1546894777
1546894777	26	1546894781
1546894781	24	1546894792
1546894792	26	1546894796
1546894796	24	1546894807
1546894807	26	1546894811
1546894811	24	1546894822
1546894822	26	1546894826
1546894826	24	1546894837
1546894837	26	1546894841
1546894841	24	1546894852
1546894852	26	1546894855
1546894855	24	1546894867
1546894867	26	1546894871
1546894871	24	1546894882
1546894882	26	1546894885
1546894885	24	1546894897
1546894897	26	1546894902
1546894902	24	1546894912
1546894912	26	1546894916
1546894916	24	1546894928
1546894928	26	1546894930
1546894930	24	1546894942
1546894942	26	1546894946
1546894946	25	1546894947
1546894947	24	1546894957
1546894957	26	1546894961
1546894961	24	1546894977
1546894977	24	1546894987
1546894987	26	1546894991
1546894991	24	1546895002
1546895002	26	1546895012
1546895012	24	1546895017
1546895017	26	1546895027
1546895027	24	1546895032
1546895032	26	1546895036
1546895036	24	1546895047
1546895047	26	1546895052
1546895052	24	1546895062
1546895062	26	1546895068
1546895068	24	1546895077
1546895077	26	1546895084
1546895084	24	1546895093
1546895093	26	1546895097
1546895097	24	1546895108
1546895108	26	1546895112
1546895112	24	1546895123
1546895123	26	1546895132
1546895132	24	1546895138
1546895138	26	1546895150
1546895150	24	1546895153
1546895153	26	1546895160
1546895160	24	1546895168
1546895168	26	1546895172
1546895172	24	1546895183
1546895183	26	1546895187
1546895187	24	1546895198
1546895198	26	1546895203
1546895203	24	1546895213
1546895213	26	1546895217
1546895217	24	1546895228
1546895228	26	1546895232
1546895232	24	1546895243
1546895243	26	1546895247
1546895247	24	1546895258
1546895258	26	1546895262
1546895262	24	1546895273
1546895273	26	1546895277
1546895277	24	1546895288
1546895288	26	1546895291
1546895291	24	1546895304
1546895304	26	1546895307
1546895307	24	1546895318
1546895318	26	1546895322
1546895322	24	1546895333
1546895333	26	1546895337
1546895337	24	1546895348
1546895348	26	1546895352
1546895352	24	1546895363
1546895363	26	1546895367
1546895367	24	1546895378
1546895378	26	1546895383
1546895383	24	1546895393
1546895393	26	1546895397
1546895397	24	1546895408
1546895408	26	1546895412
1546895412	24	1546895423
1546895423	26	1546895427
1546895427	24	1546895438
1546895438	26	1546895443
1546895443	24	1546895453
1546895453	26	1546895457
1546895457	24	1546895468
1546895468	26	1546895471
1546895471	24	1546895483
1546895483	26	1546895487
1546895487	25	1546895488
1546895488	24	1546895498
1546895498	25	1546895499
1546895499	26	1546895503
1546895503	24	1546895514
1546895514	26	1546895518
1546895518	24	1546895529
1546895529	26	1546895533
1546895533	24	1546895544
1546895544	26	1546895548
1546895548	24	1546895559
1546895559	26	1546895563
1546895563	24	1546895574
1546895574	26	1546895577
1546895577	25	1546895578
1546895578	24	1546895589
1546895589	26	1546895593
1546895593	24	1546895604
1546895604	26	1546895608
1546895608	24	1546895619
1546895619	26	1546895623
1546895623	24	1546895634
1546895634	26	1546895638
1546895638	24	1546895649
1546895649	26	1546895653
1546895653	24	1546895664
1546895664	26	1546895668
1546895668	24	1546895679
1546895679	26	1546895683
1546895683	24	1546895694
1546895694	26	1546895698
1546895698	24	1546895709
1546895709	26	1546895712
1546895712	25	1546895713
1546895713	24	1546895724
1546895724	26	1546895728
1546895728	24	1546895739
1546895739	26	1546895743
1546895743	25	1546895744
1546895744	24	1546895754
1546895754	26	1546895758
1546895758	24	1546895769
1546895769	26	1546895774
1546895774	24	1546895784
1546895784	26	1546895788
1546895788	24	1546895799
1546895799	26	1546895804
1546895804	24	1546895814
1546895814	26	1546895818
1546895818	24	1546895829
1546895829	26	1546895833
1546895833	24	1546895844
1546895844	26	1546895849
1546895849	24	1546895859
1546895859	26	1546895864
1546895864	24	1546895877
1546895877	26	1546895879
1546895879	24	1546895889
1546895889	26	1546895894
1546895894	24	1546895904
1546895904	26	1546895914
1546895914	24	1546895919
1546895919	26	1546895929
1546895929	24	1546895935
1546895935	26	1546895939
1546895939	24	1546895950
1546895950	26	1546895954
1546895954	24	1546895965
1546895965	26	1546895969
1546895969	25	1546895970
1546895970	24	1546895980
1546895980	26	1546895984
1546895984	24	1546895995
1546895995	26	1546895999
1546895999	24	1546896010
1546896010	26	1546896014
1546896014	24	1546896025
1546896025	26	1546896034
1546896034	24	1546896040
1546896040	26	1546896050
1546896050	25	1546896051
1546896051	24	1546896055
1546896055	26	1546896061
1546896061	24	1546896070
1546896070	26	1546896074
1546896074	24	1546896085
1546896085	26	1546896089
1546896089	24	1546896100
1546896100	26	1546896105
1546896105	24	1546896115
1546896115	26	1546896119
1546896119	24	1546896130
1546896130	26	1546896134
1546896134	24	1546896145
1546896145	26	1546896149
1546896149	24	1546896160
1546896160	26	1546896164
1546896164	24	1546896175
1546896175	26	1546896179
1546896179	24	1546896190
1546896190	26	1546896194
1546896194	24	1546896205
1546896205	26	1546896210
1546896210	24	1546896220
1546896220	26	1546896225
1546896225	24	1546896235
1546896235	26	1546896239
1546896239	24	1546896250
1546896250	26	1546896254
1546896254	24	1546896265
1546896265	26	1546896269
1546896269	25	1546896270
1546896270	24	1546896280
1546896280	26	1546896285
1546896285	24	1546896295
1546896295	26	1546896299
1546896299	25	1546896300
1546896300	24	1546896310
1546896310	26	1546896315
1546896315	24	1546896325
1546896325	26	1546896330
1546896330	24	1546896340
1546896340	26	1546896345
1546896345	24	1546896355
1546896355	26	1546896360
1546896360	24	1546896371
1546896371	26	1546896375
1546896375	24	1546896386
1546896386	26	1546896390
1546896390	24	1546896401
1546896401	26	1546896405
1546896405	24	1546896416
1546896416	26	1546896420
1546896420	24	1546896431
1546896431	26	1546896435
1546896435	24	1546896446
1546896446	26	1546896449
1546896449	24	1546896461
1546896461	26	1546896465
1546896465	24	1546896476
1546896476	26	1546896479
1546896479	24	1546896491
1546896491	26	1546896495
1546896495	24	1546896506
1546896506	26	1546896510
1546896510	24	1546896521
1546896521	26	1546896525
1546896525	24	1546896536
1546896536	26	1546896541
1546896541	24	1546896551
1546896551	26	1546896555
1546896555	24	1546896566
1546896566	26	1546896570
1546896570	24	1546896581
1546896581	26	1546896585
1546896585	24	1546896596
1546896596	26	1546896601
1546896601	24	1546896611
1546896611	26	1546896616
1546896616	24	1546896626
1546896626	26	1546896630
1546896630	24	1546896641
1546896641	26	1546896646
1546896646	24	1546896656
1546896656	26	1546896661
1546896661	24	1546896671
1546896671	26	1546896676
1546896676	24	1546896686
1546896686	26	1546896690
1546896690	24	1546896701
1546896701	26	1546896706
1546896706	24	1546896716
1546896716	26	1546896721
1546896721	24	1546896731
1546896731	26	1546896736
1546896736	24	1546896746
1546896746	26	1546896751
1546896751	24	1546896761
1546896761	26	1546896772
1546896772	24	1546896777
1546896777	26	1546896781
1546896781	24	1546896792
1546896792	26	1546896796
1546896796	24	1546896807
1546896807	26	1546896817
1546896817	24	1546896822
1546896822	26	1546896830
1546896830	24	1546896837
1546896837	26	1546896846
1546896846	24	1546896852
1546896852	26	1546896857
1546896857	24	1546896867
1546896867	26	1546896871
1546896871	24	1546896883
1546896883	26	1546896886
1546896886	24	1546896897
1546896897	26	1546896901
1546896901	24	1546896912
1546896912	26	1546896916
1546896916	24	1546896927
1546896927	26	1546896936
1546896936	24	1546896942
1546896942	26	1546896951
1546896951	24	1546896957
1546896957	26	1546896961
1546896961	24	1546896972
1546896972	26	1546896977
1546896977	24	1546896987
1546896987	26	1546896991
1546896991	24	1546897002
1546897002	26	1546897006
1546897006	25	1546897007
1546897007	24	1546897017
1546897017	26	1546897022
1546897022	24	1546897032
1546897032	26	1546897037
1546897037	24	1546897047
1546897047	26	1546897050
1546897050	24	1546897062
1546897062	26	1546897067
1546897067	24	1546897077
1546897077	26	1546897082
1546897082	24	1546897092
1546897092	26	1546897097
1546897097	24	1546897107
1546897107	26	1546897112
1546897112	24	1546897122
1546897122	26	1546897127
1546897127	24	1546897137
1546897137	26	1546897142
1546897142	24	1546897152
1546897152	26	1546897157
1546897157	24	1546897167
1546897167	26	1546897172
1546897172	24	1546897183
1546897183	26	1546897187
1546897187	24	1546897197
1546897197	25	1546897198
1546897198	26	1546897202
1546897202	24	1546897213
1546897213	26	1546897217
1546897217	24	1546897228
1546897228	26	1546897231
1546897231	24	1546897243
1546897243	26	1546897247
1546897247	24	1546897258
1546897258	26	1546897262
1546897262	24	1546897273
1546897273	26	1546897277
1546897277	24	1546897288
1546897288	26	1546897292
1546897292	24	1546897303
1546897303	26	1546897307
1546897307	24	1546897318
1546897318	26	1546897322
1546897322	24	1546897333
1546897333	26	1546897337
1546897337	24	1546897348
1546897348	26	1546897353
1546897353	24	1546897363
1546897363	26	1546897367
1546897367	24	1546897378
1546897378	26	1546897382
1546897382	24	1546897393
1546897393	26	1546897398
1546897398	24	1546897408
1546897408	26	1546897412
1546897412	24	1546897423
1546897423	26	1546897427
1546897427	24	1546897438
1546897438	26	1546897442
1546897442	25	1546897443
1546897443	24	1546897453
1546897453	26	1546897458
1546897458	24	1546897468
1546897468	26	1546897473
1546897473	24	1546897483
1546897483	26	1546897488
1546897488	24	1546897498
1546897498	26	1546897503
1546897503	24	1546897513
1546897513	26	1546897518
1546897518	24	1546897528
1546897528	26	1546897533
1546897533	24	1546897543
1546897543	26	1546897548
1546897548	24	1546897559
1546897559	26	1546897563
1546897563	24	1546897573
1546897573	26	1546897578
1546897578	24	1546897588
1546897588	26	1546897593
1546897593	24	1546897603
1546897603	26	1546897609
1546897609	24	1546897618
1546897618	26	1546897623
1546897623	24	1546897633
1546897633	26	1546897638
1546897638	24	1546897648
1546897648	25	1546897649
1546897649	26	1546897654
1546897654	24	1546897663
1546897663	25	1546897664
1546897664	26	1546897673
1546897673	25	1546897675
1546897675	24	1546897679
1546897679	26	1546897684
1546897684	24	1546897694
1546897694	26	1546897698
1546897698	24	1546897709
1546897709	26	1546897713
1546897713	24	1546897724
1546897724	26	1546897730
1546897730	24	1546897739
1546897739	26	1546897748
1546897748	25	1546897751
1546897751	24	1546897754
1546897754	26	1546897759
1546897759	24	1546897769
1546897769	26	1546897779
1546897779	24	1546897784
1546897784	26	1546897789
1546897789	24	1546897799
1546897799	26	1546897804
1546897804	24	1546897814
1546897814	26	1546897819
1546897819	24	1546897829
1546897829	26	1546897839
1546897839	24	1546897844
1546897844	26	1546897852
1546897852	25	1546897853
1546897853	24	1546897859
1546897859	26	1546897864
1546897864	24	1546897874
1546897874	26	1546897879
1546897879	24	1546897889
1546897889	26	1546897894
1546897894	24	1546897904
1546897904	26	1546897909
1546897909	24	1546897919
1546897919	26	1546897924
1546897924	24	1546897935
1546897935	26	1546897939
1546897939	24	1546897949
1546897949	26	1546897954
1546897954	24	1546897964
1546897964	26	1546897969
1546897969	24	1546897979
1546897979	26	1546897985
1546897985	24	1546897994
1546897994	26	1546897999
1546897999	24	1546898009
1546898009	26	1546898014
1546898014	24	1546898024
1546898024	26	1546898029
1546898029	24	1546898039
1546898039	26	1546898044
1546898044	24	1546898054
1546898054	26	1546898060
1546898060	24	1546898069
1546898069	25	1546898070
1546898070	26	1546898074
1546898074	24	1546898085
1546898085	26	1546898090
1546898090	24	1546898100
1546898100	26	1546898105
1546898105	24	1546898115
1546898115	26	1546898119
1546898119	24	1546898130
1546898130	26	1546898135
1546898135	24	1546898145
1546898145	26	1546898150
1546898150	24	1546898160
1546898160	26	1546898165
1546898165	24	1546898175
1546898175	26	1546898179
1546898179	24	1546898190
1546898190	26	1546898195
1546898195	24	1546898205
1546898205	26	1546898210
1546898210	24	1546898220
1546898220	26	1546898225
1546898225	24	1546898235
1546898235	26	1546898240
1546898240	24	1546898250
1546898250	26	1546898255
1546898255	24	1546898265
1546898265	26	1546898270
1546898270	24	1546898280
1546898280	26	1546898285
1546898285	24	1546898295
1546898295	26	1546898300
1546898300	24	1546898311
1546898311	26	1546898315
1546898315	24	1546898325
1546898325	26	1546898330
1546898330	24	1546898340
1546898340	26	1546898345
1546898345	24	1546898355
1546898355	26	1546898360
1546898360	24	1546898370
1546898370	26	1546898375
1546898375	24	1546898385
1546898385	26	1546898391
1546898391	24	1546898400
1546898400	26	1546898408
1546898408	24	1546898415
1546898415	26	1546898420
1546898420	25	1546898421
1546898421	24	1546898430
1546898430	26	1546898435
1546898435	24	1546898446
1546898446	26	1546898450
1546898450	24	1546898461
1546898461	26	1546898467
1546898467	24	1546898476
1546898476	26	1546898482
1546898482	24	1546898491
1546898491	26	1546898495
1546898495	25	1546898496
1546898496	24	1546898506
1546898506	26	1546898512
1546898512	24	1546898521
1546898521	26	1546898527
1546898527	24	1546898536
1546898536	26	1546898542
1546898542	24	1546898551
1546898551	26	1546898557
1546898557	24	1546898571
1546898571	26	1546898578
1546898578	24	1546898582
1546898582	26	1546898591
1546898591	25	1546898592
1546898592	24	1546898597
1546898597	26	1546898603
1546898603	24	1546898612
1546898612	26	1546898617
1546898617	24	1546898627
1546898627	26	1546898633
1546898633	24	1546898642
1546898642	26	1546898652
1546898652	24	1546898657
1546898657	26	1546898662
1546898662	24	1546898672
1546898672	26	1546898683
1546898683	24	1546898688
1546898688	26	1546898692
1546898692	24	1546898702
1546898702	26	1546898708
1546898708	24	1546898717
1546898717	26	1546898723
1546898723	24	1546898732
1546898732	26	1546898738
1546898738	24	1546898747
1546898747	26	1546898757
1546898757	24	1546898762
1546898762	26	1546898768
1546898768	24	1546898777
1546898777	26	1546898783
1546898783	24	1546898792
1546898792	25	1546898793
1546898793	26	1546898798
1546898798	24	1546898807
1546898807	25	1546898808
1546898808	26	1546898812
1546898812	24	1546898823
1546898823	26	1546898828
1546898828	24	1546898838
1546898838	26	1546898843
1546898843	24	1546898853
1546898853	26	1546898858
1546898858	24	1546898868
1546898868	26	1546898873
1546898873	24	1546898883
1546898883	26	1546898889
1546898889	24	1546898898
1546898898	26	1546898903
1546898903	24	1546898913
1546898913	26	1546898919
1546898919	24	1546898928
1546898928	26	1546898933
1546898933	24	1546898943
1546898943	26	1546898948
1546898948	24	1546898958
1546898958	26	1546898963
1546898963	24	1546898973
1546898973	26	1546898979
1546898979	24	1546898988
1546898988	26	1546898993
1546898993	24	1546899003
1546899003	26	1546899009
1546899009	24	1546899018
1546899018	26	1546899024
1546899024	24	1546899033
1546899033	26	1546899039
1546899039	24	1546899048
1546899048	26	1546899054
1546899054	24	1546899064
1546899064	26	1546899069
1546899069	24	1546899078
1546899078	26	1546899084
1546899084	24	1546899093
1546899093	26	1546899099
1546899099	24	1546899108
1546899108	26	1546899114
1546899114	24	1546899123
1546899123	26	1546899130
1546899130	24	1546899138
1546899138	26	1546899145
1546899145	24	1546899153
1546899153	26	1546899159
1546899159	24	1546899168
1546899168	26	1546899175
1546899175	24	1546899183
1546899183	26	1546899189
1546899189	24	1546899199
1546899199	26	1546899204
1546899204	24	1546899213
1546899213	25	1546899214
1546899214	26	1546899219
1546899219	24	1546899229
1546899229	26	1546899235
1546899235	24	1546899244
1546899244	26	1546899250
1546899250	24	1546899259
1546899259	26	1546899265
1546899265	24	1546899274
1546899274	26	1546899280
1546899280	24	1546899289
1546899289	26	1546899295
1546899295	24	1546899304
1546899304	26	1546899310
1546899310	24	1546899319
1546899319	26	1546899325
1546899325	24	1546899334
1546899334	26	1546899339
1546899339	24	1546899349
1546899349	26	1546899355
1546899355	24	1546899364
1546899364	26	1546899370
1546899370	24	1546899379
1546899379	26	1546899385
1546899385	24	1546899394
1546899394	26	1546899401
1546899401	24	1546899409
1546899409	26	1546899415
1546899415	24	1546899424
1546899424	26	1546899431
1546899431	24	1546899440
1546899440	26	1546899445
1546899445	24	1546899454
1546899454	26	1546899460
1546899460	24	1546899474
1546899474	25	1546899475
1546899475	26	1546899477
1546899477	24	1546899487
1546899487	26	1546899491
1546899491	24	1546899500
1546899500	26	1546899506
1546899506	24	1546899514
1546899514	25	1546899515
1546899515	26	1546899527
1546899527	24	1546899530
1546899530	26	1546899536
1546899536	24	1546899545
1546899545	26	1546899552
1546899552	24	1546899560
1546899560	26	1546899572
1546899572	24	1546899575
1546899575	26	1546899586
1546899586	24	1546899590
1546899590	26	1546899601
1546899601	24	1546899605
1546899605	26	1546899611
1546899611	24	1546899620
1546899620	26	1546899627
1546899627	24	1546899635
1546899635	26	1546899648
1546899648	25	1546899650
1546899650	27	1546899654
1546899654	26	1546899663
1546899663	24	1546899665
1546899665	26	1546899677
1546899677	24	1546899680
1546899680	26	1546899687
1546899687	24	1546899695
1546899695	26	1546899706
1546899706	24	1546899710
1546899710	26	1546899717
1546899717	24	1546899725
1546899725	26	1546899733
1546899733	24	1546899740
1546899740	26	1546899746
1546899746	24	1546899755
1546899755	26	1546899765
1546899765	24	1546899770
1546899770	26	1546899777
1546899777	24	1546899785
1546899785	26	1546899792
1546899792	24	1546899800
1546899800	26	1546899809
1546899809	24	1546899816
1546899816	26	1546899823
1546899823	24	1546899831
1546899831	26	1546899838
1546899838	24	1546899846
1546899846	26	1546899853
1546899853	24	1546899861
1546899861	26	1546899867
1546899867	25	1546899870
1546899870	24	1546899876
1546899876	26	1546899883
1546899883	24	1546899891
1546899891	26	1546899898
1546899898	24	1546899906
1546899906	26	1546899918
1546899918	24	1546899922
1546899922	26	1546899929
1546899929	24	1546899937
1546899937	26	1546899944
1546899944	25	1546899945
1546899945	24	1546899952
1546899952	26	1546899959
1546899959	24	1546899967
1546899967	26	1546899974
1546899974	24	1546899982
1546899982	26	1546899993
1546899993	24	1546899997
1546899997	26	1546900005
1546900005	25	1546900009
1546900009	24	1546900012
1546900012	26	1546900019
1546900019	24	1546900027
1546900027	26	1546900035
1546900035	24	1546900042
1546900042	26	1546900053
1546900053	24	1546900057
1546900057	26	1546900063
1546900063	24	1546900072
1546900072	26	1546900084
1546900084	24	1546900087
1546900087	26	1546900096
1546900096	24	1546900102
1546900102	26	1546900115
1546900115	24	1546900117
1546900117	26	1546900129
1546900129	25	1546900130
1546900130	24	1546900132
1546900132	26	1546900141
1546900141	24	1546900147
1546900147	26	1546900159
1546900159	24	1546900162
1546900162	26	1546900173
1546900173	24	1546900177
1546900177	26	1546900190
1546900190	24	1546900193
1546900193	26	1546900201
1546900201	24	1546900207
1546900207	26	1546900217
1546900217	25	1546900220
1546900220	24	1546900222
1546900222	26	1546900235
1546900235	24	1546900237
1546900237	26	1546900250
1546900250	24	1546900252
1546900252	26	1546900265
1546900265	24	1546900267
1546900267	26	1546900280
1546900280	24	1546900282
1546900282	26	1546900296
1546900296	24	1546900297
1546900297	25	1546900298
1546900298	26	1546900308
1546900308	24	1546900312
1546900312	25	1546900313
1546900313	26	1546900320
1546900320	25	1546900325
1546900325	24	1546900327
1546900327	26	1546900340
1546900340	24	1546900342
1546900342	26	1546900353
1546900353	25	1546900355
1546900355	24	1546900357
1546900357	26	1546900375
1546900375	24	1546900378
1546900378	26	1546900382
1546900382	24	1546900389
1546900389	26	1546900398
1546900398	24	1546900404
1546900404	26	1546900416
1546900416	24	1546900420
1546900420	26	1546900432
1546900432	24	1546900434
1546900434	26	1546900448
1546900448	24	1546900449
1546900449	26	1546900458
1546900458	24	1546900464
1546900464	26	1546900472
1546900472	24	1546900479
1546900479	26	1546900492
1546900492	24	1546900494
1546900494	26	1546900505
1546900505	25	1546900506
1546900506	24	1546900509
1546900509	26	1546900516
1546900516	24	1546900524
1546900524	26	1546900537
1546900537	25	1546900538
1546900538	24	1546900539
1546900539	25	1546900540
1546900540	26	1546900554
1546900554	24	1546900555
1546900555	26	1546900568
1546900568	25	1546900570
1546900570	27	1546900574
1546900574	26	1546900581
1546900581	24	1546900585
1546900585	26	1546900597
1546900597	24	1546900600
1546900600	26	1546900613
1546900613	24	1546900615
1546900615	26	1546900626
1546900626	24	1546900630
1546900630	26	1546900641
1546900641	25	1546900643
1546900643	24	1546900645
1546900645	26	1546900656
1546900656	25	1546900657
1546900657	24	1546900660
1546900660	26	1546900672
1546900672	24	1546900675
1546900675	26	1546900686
1546900686	24	1546900690
1546900690	26	1546900703
1546900703	24	1546900705
1546900705	26	1546900718
1546900718	24	1546900720
1546900720	26	1546900733
1546900733	24	1546900735
1546900735	26	1546900749
1546900749	24	1546900750
1546900750	26	1546900764
1546900764	24	1546900765
1546900765	26	1546900777
1546900777	24	1546900780
1546900780	26	1546900791
1546900791	24	1546900795
1546900795	26	1546900807
1546900807	24	1546900810
1546900810	26	1546900823
1546900823	24	1546900825
1546900825	26	1546900839
1546900839	24	1546900840
1546900840	26	1546900854
1546900854	24	1546900855
1546900855	26	1546900866
1546900866	24	1546900870
1546900870	26	1546900881
1546900881	25	1546900883
1546900883	24	1546900885
1546900885	26	1546900898
1546900898	25	1546900899
1546900899	24	1546900900
1546900900	26	1546900912
1546900912	24	1546900915
1546900915	26	1546900929
1546900929	24	1546900930
1546900930	26	1546900943
1546900943	24	1546900946
1546900946	26	1546900959
1546900959	24	1546900960
1546900960	25	1546900961
1546900961	26	1546900972
1546900972	24	1546900976
1546900976	26	1546900988
1546900988	24	1546900991
1546900991	26	1546901004
1546901004	24	1546901006
1546901006	26	1546901018
1546901018	24	1546901021
1546901021	26	1546901034
1546901034	24	1546901036
1546901036	26	1546901048
1546901048	24	1546901051
1546901051	26	1546901064
1546901064	24	1546901066
1546901066	26	1546901079
1546901079	24	1546901081
1546901081	26	1546901094
1546901094	24	1546901096
1546901096	26	1546901109
1546901109	24	1546901111
1546901111	26	1546901124
1546901124	24	1546901126
1546901126	26	1546901139
1546901139	24	1546901141
1546901141	26	1546901154
1546901154	24	1546901156
1546901156	26	1546901170
1546901170	24	1546901171
1546901171	26	1546901185
1546901185	24	1546901186
1546901186	26	1546901196
1546901196	24	1546901201
1546901201	26	1546901214
1546901214	24	1546901216
1546901216	26	1546901228
1546901228	24	1546901231
1546901231	26	1546901245
1546901245	24	1546901246
1546901246	26	1546901260
1546901260	24	1546901261
1546901261	26	1546901276
1546901276	28	1546901277
1546901277	26	1546901289
1546901289	24	1546901292
1546901292	26	1546901303
1546901303	24	1546901307
1546901307	26	1546901318
1546901318	24	1546901322
1546901322	26	1546901334
1546901334	24	1546901337
1546901337	26	1546901350
1546901350	24	1546901352
1546901352	26	1546901363
1546901363	24	1546901367
1546901367	26	1546901381
1546901381	24	1546901382
1546901382	26	1546901394
1546901394	25	1546901395
1546901395	24	1546901397
1546901397	26	1546901409
1546901409	24	1546901412
1546901412	26	1546901423
1546901423	25	1546901425
1546901425	24	1546901427
1546901427	26	1546901440
1546901440	24	1546901442
1546901442	26	1546901456
1546901456	24	1546901457
1546901457	26	1546901470
1546901470	24	1546901472
1546901472	26	1546901485
1546901485	24	1546901487
1546901487	26	1546901501
1546901501	24	1546901502
1546901502	26	1546901516
1546901516	24	1546901517
1546901517	26	1546901531
1546901531	24	1546901532
1546901532	26	1546901546
1546901546	24	1546901547
1546901547	26	1546901561
1546901561	24	1546901562
1546901562	26	1546901576
1546901576	24	1546901577
1546901577	26	1546901592
1546901592	26	1546901606
1546901606	24	1546901607
1546901607	26	1546901621
1546901621	24	1546901622
1546901622	26	1546901636
1546901636	24	1546901637
1546901637	25	1546901638
1546901638	26	1546901651
1546901651	24	1546901652
1546901652	25	1546901653
1546901653	26	1546901666
1546901666	24	1546901667
1546901667	25	1546901668
1546901668	26	1546901681
1546901681	24	1546901683
1546901683	26	1546901697
1546901697	24	1546901698
1546901698	26	1546901712
1546901712	24	1546901713
1546901713	26	1546901724
1546901724	24	1546901728
1546901728	26	1546901739
1546901739	24	1546901743
1546901743	26	1546901755
1546901755	24	1546901758
1546901758	26	1546901771
1546901771	25	1546901772
1546901772	24	1546901773
1546901773	26	1546901787
1546901787	24	1546901788
1546901788	26	1546901799
1546901799	24	1546901803
1546901803	26	1546901816
1546901816	24	1546901818
1546901818	26	1546901828
1546901828	25	1546901832
1546901832	24	1546901833
1546901833	26	1546901845
1546901845	24	1546901848
1546901848	26	1546901862
1546901862	24	1546901863
1546901863	26	1546901875
1546901875	24	1546901878
1546901878	26	1546901892
1546901892	24	1546901893
1546901893	26	1546901907
1546901907	24	1546901908
1546901908	26	1546901918
1546901918	24	1546901922
1546901922	22	1546901923
1546901923	24	1546901935
1546901935	22	1546901937
1546901937	20	1546901938
1546901938	22	1546901954
1546901954	24	1546901970
1546901970	26	1546902002
1546902002	28	1546902013
1546902013	26	1546902019
1546902019	28	1546902026
1546902026	24	1546902035
1546902035	26	1546902049
1546902049	28	1546902051
1546902051	26	1546902063
1546902063	25	1546902065
1546902065	27	1546902079
1546902079	25	1546902080
1546902080	27	1546902094
1546902094	21	1546902095
1546902095	23	1546902111
1546902111	25	1546902125
1546902125	27	1546902138
1546902138	22	1546902140
1546902140	24	1546902155
1546902155	26	1546902175
1546902175	24	1546902176
1546902176	26	1546902191
1546902191	27	1546902192
1546902192	28	1546902196
1546902196	27	1546902202
1546902202	29	1546902217
1546902217	26	1546902232
1546902232	28	1546902233
1546902233	26	1546902247
1546902247	28	1546902248
1546902248	26	1546902256
1546902256	24	1546902262
1546902262	26	1546902277
1546902277	26	1546902291
1546902291	25	1546902292
1546902292	26	1546902307
1546902307	26	1546902322
1546902322	26	1546902337
1546902337	28	1546902349
1546902349	26	1546902352
1546902352	28	1546902359
1546902359	26	1546902367
1546902367	28	1546902379
1546902379	26	1546902381
1546902381	25	1546902382
1546902382	27	1546902390
1546902390	26	1546902396
1546902396	24	1546902397
1546902397	26	1546902411
1546902411	24	1546902412
1546902412	26	1546902426
1546902426	24	1546902427
1546902427	26	1546902441
1546902441	24	1546902442
1546902442	26	1546902456
1546902456	24	1546902457
1546902457	26	1546902471
1546902471	24	1546902473
1546902473	26	1546902485
1546902485	24	1546902487
1546902487	26	1546902502
1546902502	26	1546902516
1546902516	24	1546902517
1546902517	26	1546902531
1546902531	24	1546902532
1546902532	26	1546902547
1546902547	26	1546902562
1546902562	25	1546902563
1546902563	26	1546902574
1546902574	24	1546902578
1546902578	26	1546902592
1546902592	24	1546902593
1546902593	26	1546902607
1546902607	24	1546902608
1546902608	26	1546902622
1546902622	24	1546902623
1546902623	26	1546902637
1546902637	24	1546902638
1546902638	26	1546902652
1546902652	24	1546902653
1546902653	26	1546902667
1546902667	24	1546902668
1546902668	26	1546902682
1546902682	24	1546902683
1546902683	26	1546902697
1546902697	24	1546902698
1546902698	26	1546902712
1546902712	24	1546902713
1546902713	26	1546902727
1546902727	24	1546902728
1546902728	26	1546902742
1546902742	24	1546902743
1546902743	26	1546902757
1546902757	24	1546902758
1546902758	26	1546902770
1546902770	24	1546902773
1546902773	26	1546902787
1546902787	24	1546902788
1546902788	26	1546902802
1546902802	24	1546902803
1546902803	26	1546902818
1546902818	26	1546902832
1546902832	24	1546902833
1546902833	26	1546902847
1546902847	24	1546902849
1546902849	26	1546902861
1546902861	24	1546902863
1546902863	26	1546902875
1546902875	24	1546902878
1546902878	26	1546902892
1546902892	24	1546902893
1546902893	25	1546902894
1546902894	26	1546902906
1546902906	24	1546902908
1546902908	25	1546902909
1546902909	26	1546902923
1546902923	26	1546902935
1546902935	24	1546902939
1546902939	26	1546902952
1546902952	24	1546902954
1546902954	26	1546902968
1546902968	24	1546902969
1546902969	26	1546902983
1546902983	24	1546902984
1546902984	26	1546902998
1546902998	24	1546902999
1546902999	26	1546903012
1546903012	24	1546903014
1546903014	26	1546903028
1546903028	24	1546903029
1546903029	26	1546903043
1546903043	24	1546903044
1546903044	26	1546903059
1546903059	26	1546903079
1546903079	25	1546903080
1546903080	26	1546903081
1546903081	26	1546903085
1546903085	24	1546903091
1546903091	26	1546903100
1546903100	25	1546903103
1546903103	24	1546903106
1546903106	26	1546903120
1546903120	24	1546903121
1546903121	26	1546903136
1546903136	26	1546903151
1546903151	28	1546903158
1546903158	26	1546903165
1546903165	24	1546903166
1546903166	26	1546903181
1546903181	28	1546903188
1546903188	27	1546903193
1546903193	26	1546903195
1546903195	24	1546903196
1546903196	26	1546903209
1546903209	24	1546903211
1546903211	26	1546903227
1546903227	26	1546903241
1546903241	28	1546903249
1546903249	26	1546903256
1546903256	28	1546903264
1546903264	26	1546903271
1546903271	28	1546903279
1546903279	26	1546903286
1546903286	26	1546903301
1546903301	26	1546903317
1546903317	26	1546903331
1546903331	24	1546903332
1546903332	26	1546903347
1546903347	26	1546903361
1546903361	24	1546903362
1546903362	26	1546903376
1546903376	24	1546903377
1546903377	26	1546903392
1546903392	26	1546903407
1546903407	26	1546903419
1546903419	24	1546903422
1546903422	26	1546903437
1546903437	26	1546903451
1546903451	24	1546903452
1546903452	26	1546903466
1546903466	25	1546903467
1546903467	26	1546903482
1546903482	26	1546903497
1546903497	27	1546903504
1546903504	26	1546903512
1546903512	26	1546903527
1546903527	26	1546903540
1546903540	24	1546903542
1546903542	25	1546903543
1546903543	26	1546903557
1546903557	24	1546903558
1546903558	26	1546903572
1546903572	24	1546903573
1546903573	26	1546903587
1546903587	24	1546903588
1546903588	26	1546903602
1546903602	24	1546903603
1546903603	26	1546903615
1546903615	24	1546903618
1546903618	26	1546903632
1546903632	24	1546903633
1546903633	26	1546903645
1546903645	24	1546903648
1546903648	26	1546903661
1546903661	24	1546903663
1546903663	26	1546903677
1546903677	24	1546903678
1546903678	26	1546903693
1546903693	26	1546903707
1546903707	24	1546903708
1546903708	26	1546903723
1546903723	26	1546903733
1546903733	25	1546903738
1546903738	26	1546903753
1546903753	26	1546903768
1546903768	26	1546903783
1546903783	24	1546903784
1546903784	26	1546903798
1546903798	28	1546903799
1546903799	26	1546903813
1546903813	24	1546903814
1546903814	26	1546903828
1546903828	24	1546903829
1546903829	26	1546903844
1546903844	26	1546903856
1546903856	24	1546903859
1546903859	26	1546903873
1546903873	24	1546903874
1546903874	26	1546903888
1546903888	24	1546903889
1546903889	26	1546903902
1546903902	24	1546903904
1546903904	26	1546903919
1546903919	26	1546903931
1546903931	24	1546903934
1546903934	26	1546903949
1546903949	26	1546903964
1546903964	26	1546903983
1546903983	26	1546903990
1546903990	24	1546903998
1546903998	26	1546904013
1546904013	27	1546904014
1546904014	26	1546904030
1546904030	28	1546904033
1546904033	26	1546904039
1546904039	24	1546904046
1546904046	26	1546904060
1546904060	24	1546904063
1546904063	26	1546904076
1546904076	25	1546904078
1546904078	27	1546904079
1546904079	26	1546904091
1546904091	28	1546904103
1546904103	26	1546904105
1546904105	24	1546904106
1546904106	26	1546904119
1546904119	24	1546904121
1546904121	26	1546904128
1546904128	25	1546904131
1546904131	24	1546904137
1546904137	26	1546904143
1546904143	24	1546904152
1546904152	26	1546904166
1546904166	24	1546904169
1546904169	26	1546904181
1546904181	24	1546904184
1546904184	26	1546904196
1546904196	24	1546904199
1546904199	26	1546904212
1546904212	24	1546904214
1546904214	26	1546904228
1546904228	24	1546904229
1546904229	26	1546904244
1546904244	26	1546904259
1546904259	26	1546904274
1546904274	26	1546904289
1546904289	26	1546904304
1546904304	26	1546904319
1546904319	25	1546904320
1546904320	26	1546904334
1546904334	26	1546904348
1546904348	24	1546904349
1546904349	26	1546904365
1546904365	26	1546904379
1546904379	26	1546904394
1546904394	28	1546904395
1546904395	26	1546904408
1546904408	24	1546904410
1546904410	26	1546904425
1546904425	26	1546904440
1546904440	26	1546904455
1546904455	24	1546904456
1546904456	26	1546904471
1546904471	26	1546904483
1546904483	25	1546904487
1546904487	26	1546904499
1546904499	24	1546904502
1546904502	26	1546904514
1546904514	24	1546904517
1546904517	26	1546904532
1546904532	26	1546904547
1546904547	26	1546904560
1546904560	25	1546904562
1546904562	24	1546904563
1546904563	26	1546904575
1546904575	24	1546904578
1546904578	26	1546904592
1546904592	25	1546904593
1546904593	26	1546904605
1546904605	25	1546904607
1546904607	24	1546904608
1546904608	26	1546904622
1546904622	24	1546904623
1546904623	26	1546904637
1546904637	24	1546904638
1546904638	26	1546904653
1546904653	26	1546904668
1546904668	26	1546904680
1546904680	24	1546904683
1546904683	26	1546904698
1546904698	26	1546904713
1546904713	26	1546904728
1546904728	26	1546904741
1546904741	24	1546904744
1546904744	26	1546904756
1546904756	24	1546904759
1546904759	26	1546904774
1546904774	26	1546904789
1546904789	28	1546904790
1546904790	26	1546904804
1546904804	26	1546904819
1546904819	26	1546904834
1546904834	26	1546904849
1546904849	27	1546904850
1546904850	26	1546904864
1546904864	24	1546904865
1546904865	26	1546904881
1546904881	26	1546904896
1546904896	26	1546904916
1546904916	26	1546904931
1546904931	28	1546904932
1546904932	26	1546904936
1546904936	24	1546904944
1546904944	26	1546904958
1546904958	25	1546904959
1546904959	26	1546904973
1546904973	24	1546904974
1546904974	26	1546904989
1546904989	28	1546904990
1546904990	26	1546905004
1546905004	26	1546905015
1546905015	24	1546905020
1546905020	26	1546905035
1546905035	24	1546905036
1546905036	26	1546905046
1546905046	24	1546905051
1546905051	26	1546905066
1546905066	27	1546905067
1546905067	26	1546905081
1546905081	28	1546905082
1546905082	26	1546905094
1546905094	24	1546905096
1546905096	26	1546905111
1546905111	26	1546905127
1546905127	28	1546905135
1546905135	26	1546905142
1546905142	28	1546905143
1546905143	26	1546905157
1546905157	26	1546905172
1546905172	26	1546905185
1546905185	24	1546905188
1546905188	26	1546905203
1546905203	26	1546905219
1546905219	26	1546905231
1546905231	24	1546905234
1546905234	26	1546905249
1546905249	26	1546905264
1546905264	26	1546905279
1546905279	26	1546905294
1546905294	28	1546905295
1546905295	26	1546905309
1546905309	25	1546905310
1546905310	26	1546905324
1546905324	25	1546905325
1546905325	26	1546905339
1546905339	24	1546905340
1546905340	26	1546905355
1546905355	26	1546905370
1546905370	26	1546905385
1546905385	26	1546905400
1546905400	26	1546905415
1546905415	26	1546905428
1546905428	24	1546905430
1546905430	26	1546905446
1546905446	26	1546905458
1546905458	24	1546905461
1546905461	26	1546905474
1546905474	24	1546905476
1546905476	26	1546905491
1546905491	26	1546905506
1546905506	24	1546905507
1546905507	26	1546905522
1546905522	26	1546905535
1546905535	24	1546905537
1546905537	26	1546905552
1546905552	26	1546905567
1546905567	27	1546905568
1546905568	26	1546905582
1546905582	24	1546905583
1546905583	26	1546905598
1546905598	26	1546905611
1546905611	24	1546905613
1546905613	25	1546905614
1546905614	26	1546905629
1546905629	26	1546905644
1546905644	24	1546905646
1546905646	26	1546905660
1546905660	24	1546905662
1546905662	25	1546905663
1546905663	26	1546905669
1546905669	24	1546905676
1546905676	26	1546905693
1546905693	26	1546905707
1546905707	27	1546905709
1546905709	26	1546905716
1546905716	24	1546905724
1546905724	26	1546905739
1546905739	25	1546905740
1546905740	26	1546905747
1546905747	24	1546905755
1546905755	26	1546905771
1546905771	24	1546905776
1546905776	26	1546905782
1546905782	24	1546905789
1546905789	26	1546905795
1546905795	24	1546905804
1546905804	26	1546905818
1546905818	24	1546905821
1546905821	26	1546905835
1546905835	28	1546905836
1546905836	26	1546905847
1546905847	24	1546905852
1546905852	26	1546905867
1546905867	27	1546905868
1546905868	26	1546905882
1546905882	26	1546905898
1546905898	27	1546905899
1546905899	26	1546905910
1546905910	24	1546905914
1546905914	26	1546905927
1546905927	25	1546905930
1546905930	26	1546905945
1546905945	26	1546905960
1546905960	27	1546905976
1546905976	26	1546905992
1546905992	26	1546906007
1546906007	28	1546906008
1546906008	26	1546906019
1546906019	24	1546906023
1546906023	26	1546906037
1546906037	24	1546906038
1546906038	26	1546906050
1546906050	24	1546906053
1546906053	26	1546906061
1546906061	24	1546906068
1546906068	26	1546906083
1546906083	26	1546906098
1546906098	28	1546906099
1546906099	26	1546906114
1546906114	26	1546906129
1546906129	26	1546906144
1546906144	26	1546906159
1546906159	28	1546906160
1546906160	26	1546906175
1546906175	26	1546906190
1546906190	28	1546906191
1546906191	26	1546906203
1546906203	24	1546906205
1546906205	25	1546906206
1546906206	26	1546906221
1546906221	28	1546906222
1546906222	26	1546906236
1546906236	27	1546906237
1546906237	26	1546906251
1546906251	26	1546906267
1546906267	26	1546906283
1546906283	26	1546906298
1546906298	24	1546906299
1546906299	26	1546906313
1546906313	24	1546906314
1546906314	26	1546906329
1546906329	26	1546906344
1546906344	26	1546906359
1546906359	26	1546906374
1546906374	28	1546906375
1546906375	26	1546906387
1546906387	24	1546906390
1546906390	26	1546906405
1546906405	26	1546906421
1546906421	26	1546906436
1546906436	26	1546906451
1546906451	26	1546906467
1546906467	26	1546906482
1546906482	26	1546906498
1546906498	24	1546906499
1546906499	26	1546906507
1546906507	24	1546906512
1546906512	26	1546906525
1546906525	24	1546906529
1546906529	26	1546906540
1546906540	24	1546906545
1546906545	26	1546906558
1546906558	24	1546906560
1546906560	26	1546906577
1546906577	26	1546906590
1546906590	24	1546906594
1546906594	26	1546906601
1546906601	24	1546906609
1546906609	26	1546906621
1546906621	24	1546906628
1546906628	26	1546906634
1546906634	24	1546906643
1546906643	26	1546906651
1546906651	24	1546906661
1546906661	26	1546906668
1546906668	24	1546906685
1546906685	26	1546906690
1546906690	28	1546906702
1546906702	27	1546906703
1546906703	24	1546906705
1546906705	26	1546906714
1546906714	24	1546906725
1546906725	24	1546906740
1546906740	26	1546906752
1546906752	26	1546906770
1546906770	28	1546906773
1546906773	26	1546906780
1546906780	24	1546906785
1546906785	26	1546906797
1546906797	28	1546906803
1546906803	26	1546906813
1546906813	28	1546906816
1546906816	26	1546906830
1546906830	26	1546906846
1546906846	26	1546906862
1546906862	27	1546906863
1546906863	27	1546906869
1546906869	26	1546906879
1546906879	27	1546906880
1546906880	28	1546906893
1546906893	29	1546906895
1546906895	30	1546906896
1546906896	29	1546906897
1546906897	26	1546906903
1546906903	25	1546906904
1546906904	24	1546906911
1546906911	26	1546906923
1546906923	28	1546906936
1546906936	26	1546906939
1546906939	28	1546906955
1546906955	30	1546906956
1546906956	28	1546906971
1546906971	28	1546906975
1546906975	26	1546906988
1546906988	27	1546906989
1546906989	26	1546906997
1546906997	24	1546907004
1546907004	26	1546907012
1546907012	24	1546907019
1546907019	26	1546907029
1546907029	24	1546907036
1546907036	26	1546907044
1546907044	24	1546907053
1546907053	26	1546907060
1546907060	25	1546907066
1546907066	24	1546907071
1546907071	26	1546907077
1546907077	25	1546907078
1546907078	24	1546907086
1546907086	26	1546907094
1546907094	24	1546907102
1546907102	26	1546907109
1546907109	24	1546907116
1546907116	26	1546907120
1546907120	25	1546907131
1546907131	27	1546907134
1546907134	26	1546907139
1546907139	24	1546907146
1546907146	26	1546907156
1546907156	24	1546907164
1546907164	25	1546907165
1546907165	26	1546907171
1546907171	24	1546907180
1546907180	26	1546907187
1546907187	24	1546907196
1546907196	26	1546907213
1546907213	26	1546907222
1546907222	24	1546907229
1546907229	26	1546907238
1546907238	24	1546907247
1546907247	26	1546907250
1546907250	24	1546907262
1546907262	25	1546907263
1546907263	26	1546907270
1546907270	25	1546907271
1546907271	24	1546907280
1546907280	26	1546907283
1546907283	24	1546907296
1546907296	26	1546907306
1546907306	25	1546907311
1546907311	27	1546907315
1546907315	26	1546907320
1546907320	24	1546907327
1546907327	26	1546907331
1546907331	25	1546907338
1546907338	24	1546907347
1546907347	26	1546907351
1546907351	24	1546907364
1546907364	25	1546907367
1546907367	24	1546907379
1546907379	26	1546907380
1546907380	24	1546907396
1546907396	26	1546907404
1546907404	24	1546907412
1546907412	25	1546907413
1546907413	26	1546907420
1546907420	24	1546907423
1546907423	26	1546907438
1546907438	28	1546907441
