314 1546853471 55.000000 -1.000000 -101.000000 0.000000 0.000000
314 1546853472 55.000000 -1.000000 -101.000000 0.000000 0.000000
314 1546853473 55.000000 -1.000000 -101.000000 0.000000 0.000000
314 1546853474 55.000000 -1.000000 -101.000000 0.000000 0.000000
314 1546853475 55.000000 -1.000000 -101.000000 0.000000 0.000000
314 1546853481 7.600000 -1.000000 7.000000 17.000000 61.208000
314 1546853482 7.600000 -1.000000 7.000000 17.000000 61.208000
314 1546853483 7.600000 -1.000000 7.000000 17.000000 61.208000
314 1546853484 7.600000 -1.000000 7.000000 17.000000 61.208000
314 1546853485 7.600000 -1.000000 7.000000 17.000000 61.208000
314 1546853486 14.400000 -1.000000 1.000000 13.000000 441.840000
314 1546853487 14.400000 -1.000000 1.000000 13.000000 441.840000
314 1546853488 14.400000 -1.000000 1.000000 13.000000 441.840000
314 1546853489 14.400000 -1.000000 1.000000 13.000000 441.840000
314 1546853490 14.400000 -1.000000 1.000000 13.000000 441.840000
314 1546853491 16.600000 -1.000000 2.000000 8.000000 1008.871556
314 1546853492 16.600000 -1.000000 2.000000 8.000000 1008.871556
314 1546853493 16.600000 -1.000000 2.000000 8.000000 1008.871556
314 1546853494 16.600000 -1.000000 2.000000 8.000000 1008.871556
314 1546853495 16.600000 -1.000000 2.000000 8.000000 1008.871556
314 1546853506 7.400000 -1.000000 1.000000 3.000000 208.677474
314 1546853507 7.400000 -1.000000 1.000000 3.000000 208.677474
314 1546853508 7.400000 -1.000000 1.000000 3.000000 208.677474
314 1546853509 7.400000 -1.000000 1.000000 3.000000 208.677474
314 1546853510 7.400000 -1.000000 1.000000 3.000000 208.677474
314 1546853526 8.200000 -1.000000 1.000000 3.000000 282.998476
314 1546853527 8.200000 -1.000000 1.000000 3.000000 282.998476
314 1546853528 8.200000 -1.000000 1.000000 3.000000 282.998476
314 1546853529 8.200000 -1.000000 1.000000 3.000000 282.998476
314 1546853530 8.200000 -1.000000 1.000000 3.000000 282.998476
314 1546853531 8.400000 -1.000000 2.000000 3.000000 268.759579
314 1546853532 8.400000 -1.000000 2.000000 3.000000 268.759579
314 1546853533 8.400000 -1.000000 2.000000 3.000000 268.759579
314 1546853534 8.400000 -1.000000 2.000000 3.000000 268.759579
314 1546853535 8.400000 -1.000000 2.000000 3.000000 268.759579
314 1546853541 8.800000 -1.000000 1.000000 3.000000 341.136000
314 1546853542 8.800000 -1.000000 1.000000 3.000000 341.136000
314 1546853543 8.800000 -1.000000 1.000000 3.000000 341.136000
314 1546853544 8.800000 -1.000000 1.000000 3.000000 341.136000
314 1546853545 8.800000 -1.000000 1.000000 3.000000 341.136000
314 1546853546 7.600000 -1.000000 1.000000 2.000000 255.016727
314 1546853547 7.600000 -1.000000 1.000000 2.000000 255.016727
314 1546853548 7.600000 -1.000000 1.000000 2.000000 255.016727
314 1546853549 7.600000 -1.000000 1.000000 2.000000 255.016727
314 1546853550 7.600000 -1.000000 1.000000 2.000000 255.016727
314 1546853536 0.600000 -1.000000 1.000000 1.000000 0.216000
314 1546853537 0.600000 -1.000000 1.000000 1.000000 0.216000
314 1546853538 0.600000 -1.000000 1.000000 1.000000 0.216000
314 1546853539 0.600000 -1.000000 1.000000 1.000000 0.216000
314 1546853540 0.600000 -1.000000 1.000000 1.000000 0.216000
314 1546853556 0.800000 -1.000000 1.000000 2.000000 0.517333
314 1546853557 0.800000 -1.000000 1.000000 2.000000 0.517333
314 1546853558 0.800000 -1.000000 1.000000 2.000000 0.517333
314 1546853559 0.800000 -1.000000 1.000000 2.000000 0.517333
314 1546853560 0.800000 -1.000000 1.000000 2.000000 0.517333
314 1546853561 3.000000 -1.000000 1.000000 1.000000 27.000000
314 1546853562 3.000000 -1.000000 -101.000000 0.000000 0.000000
314 1546853563 3.000000 -1.000000 -101.000000 0.000000 0.000000
314 1546853564 3.000000 -1.000000 -101.000000 0.000000 0.000000
314 1546853565 3.000000 -1.000000 -101.000000 0.000000 0.000000
314 1546853571 11.400000 -1.000000 -101.000000 0.000000 0.000000
314 1546853572 11.400000 -1.000000 -101.000000 0.000000 0.000000
314 1546853573 11.400000 -1.000000 -101.000000 0.000000 0.000000
314 1546853574 11.400000 -1.000000 -101.000000 0.000000 0.000000
314 1546853575 11.400000 -1.000000 -101.000000 0.000000 0.000000
314 1546853581 9.400000 -1.000000 -101.000000 0.000000 0.000000
314 1546853582 9.400000 -1.000000 -101.000000 0.000000 0.000000
314 1546853583 9.400000 -1.000000 -101.000000 0.000000 0.000000
314 1546853584 9.400000 -1.000000 -101.000000 0.000000 0.000000
314 1546853585 9.400000 -1.000000 -101.000000 0.000000 0.000000
314 1546853591 9.400000 -1.000000 -101.000000 0.000000 0.000000
314 1546853592 9.400000 -1.000000 -101.000000 0.000000 0.000000
314 1546853593 9.400000 -1.000000 -101.000000 0.000000 0.000000
314 1546853594 9.400000 -1.000000 -101.000000 0.000000 0.000000
314 1546853595 9.400000 -1.000000 -101.000000 0.000000 0.000000
314 1546853601 8.600000 -1.000000 -101.000000 0.000000 0.000000
314 1546853602 8.600000 -1.000000 -101.000000 0.000000 0.000000
314 1546853603 8.600000 -1.000000 -101.000000 0.000000 0.000000
314 1546853604 8.600000 -1.000000 -101.000000 0.000000 0.000000
314 1546853605 8.600000 -1.000000 -101.000000 0.000000 0.000000
314 1546853616 12.600000 -1.000000 -101.000000 0.000000 0.000000
314 1546853617 12.600000 -1.000000 -101.000000 0.000000 0.000000
314 1546853618 12.600000 -1.000000 -101.000000 0.000000 0.000000
314 1546853619 12.600000 -1.000000 -101.000000 0.000000 0.000000
314 1546853620 12.600000 -1.000000 -101.000000 0.000000 0.000000
314 1546853621 197.600000 -1.000000 -101.000000 0.000000 0.000000
314 1546853622 197.600000 -1.000000 -101.000000 0.000000 0.000000
314 1546853623 197.600000 -1.000000 -101.000000 0.000000 0.000000
314 1546853624 197.600000 -1.000000 -101.000000 0.000000 0.000000
314 1546853625 197.600000 -1.000000 -101.000000 0.000000 0.000000
314 1546853626 68.200000 -1.000000 -101.000000 0.000000 0.000000
314 1546853627 68.200000 -1.000000 -101.000000 0.000000 0.000000
314 1546853628 68.200000 -1.000000 -101.000000 0.000000 0.000000
314 1546853629 68.200000 -1.000000 -101.000000 0.000000 0.000000
314 1546853630 68.200000 -1.000000 -101.000000 0.000000 0.000000
314 1546853631 67.600000 -1.000000 -101.000000 0.000000 0.000000
314 1546853632 67.600000 -1.000000 -101.000000 0.000000 0.000000
314 1546853633 67.600000 -1.000000 -101.000000 0.000000 0.000000
314 1546853634 67.600000 -1.000000 -101.000000 0.000000 0.000000
314 1546853635 67.600000 -1.000000 -101.000000 0.000000 0.000000
314 1546853636 9.800000 -1.000000 -101.000000 0.000000 0.000000
314 1546853637 9.800000 -1.000000 -101.000000 0.000000 0.000000
314 1546853638 9.800000 -1.000000 -101.000000 0.000000 0.000000
314 1546853639 9.800000 -1.000000 -101.000000 0.000000 0.000000
314 1546853640 9.800000 -1.000000 -101.000000 0.000000 0.000000
314 1546853656 9.400000 -1.000000 -101.000000 0.000000 0.000000
314 1546853657 9.400000 -1.000000 -101.000000 0.000000 0.000000
314 1546853658 9.400000 -1.000000 -101.000000 0.000000 0.000000
314 1546853659 9.400000 -1.000000 -101.000000 0.000000 0.000000
314 1546853660 9.400000 -1.000000 -101.000000 0.000000 0.000000
314 1546853701 6.200000 -1.000000 -101.000000 0.000000 0.000000
314 1546853702 6.200000 -1.000000 -101.000000 0.000000 0.000000
314 1546853703 6.200000 -1.000000 -101.000000 0.000000 0.000000
314 1546853704 6.200000 -1.000000 -101.000000 0.000000 0.000000
314 1546853705 6.200000 -1.000000 -101.000000 0.000000 0.000000
314 1546853706 162.200000 -1.000000 -101.000000 0.000000 0.000000
314 1546853707 162.200000 -1.000000 -101.000000 0.000000 0.000000
314 1546853708 162.200000 -1.000000 -101.000000 0.000000 0.000000
314 1546853709 162.200000 -1.000000 -101.000000 0.000000 0.000000
314 1546853710 162.200000 -1.000000 -101.000000 0.000000 0.000000
314 1546853711 72.800000 -1.000000 -101.000000 0.000000 0.000000
314 1546853712 72.800000 -1.000000 -101.000000 0.000000 0.000000
314 1546853713 72.800000 -1.000000 -101.000000 0.000000 0.000000
314 1546853714 72.800000 -1.000000 -101.000000 0.000000 0.000000
314 1546853715 72.800000 -1.000000 -101.000000 0.000000 0.000000
314 1546853716 38.800000 -1.000000 -101.000000 0.000000 0.000000
314 1546853717 38.800000 -1.000000 -101.000000 0.000000 0.000000
314 1546853718 38.800000 -1.000000 -101.000000 0.000000 0.000000
314 1546853719 38.800000 -1.000000 -101.000000 0.000000 0.000000
314 1546853720 38.800000 -1.000000 -101.000000 0.000000 0.000000
314 1546853721 13.800000 -1.000000 -101.000000 0.000000 0.000000
314 1546853722 13.800000 -1.000000 -101.000000 0.000000 0.000000
314 1546853723 13.800000 -1.000000 -101.000000 0.000000 0.000000
314 1546853724 13.800000 -1.000000 -101.000000 0.000000 0.000000
314 1546853725 13.800000 -1.000000 -101.000000 0.000000 0.000000
314 1546853726 80.000000 -1.000000 -101.000000 0.000000 0.000000
314 1546853727 80.000000 -1.000000 -101.000000 0.000000 0.000000
314 1546853728 80.000000 -1.000000 -101.000000 0.000000 0.000000
314 1546853729 80.000000 -1.000000 -101.000000 0.000000 0.000000
314 1546853730 80.000000 -1.000000 -101.000000 0.000000 0.000000
314 1546853731 27.800000 -1.000000 -101.000000 0.000000 0.000000
314 1546853732 27.800000 -1.000000 -101.000000 0.000000 0.000000
314 1546853733 27.800000 -1.000000 -101.000000 0.000000 0.000000
314 1546853734 27.800000 -1.000000 -101.000000 0.000000 0.000000
314 1546853735 27.800000 -1.000000 -101.000000 0.000000 0.000000
314 1546853736 19.000000 -1.000000 -101.000000 0.000000 0.000000
314 1546853737 19.000000 -1.000000 -101.000000 0.000000 0.000000
314 1546853738 19.000000 -1.000000 -101.000000 0.000000 0.000000
314 1546853739 19.000000 -1.000000 -101.000000 0.000000 0.000000
314 1546853740 19.000000 -1.000000 -101.000000 0.000000 0.000000
314 1546853741 15.000000 -1.000000 -101.000000 0.000000 0.000000
314 1546853742 15.000000 -1.000000 -101.000000 0.000000 0.000000
314 1546853743 15.000000 -1.000000 -101.000000 0.000000 0.000000
314 1546853744 15.000000 -1.000000 -101.000000 0.000000 0.000000
314 1546853745 15.000000 -1.000000 -101.000000 0.000000 0.000000
314 1546853746 25.200000 -1.000000 -101.000000 0.000000 0.000000
314 1546853747 25.200000 -1.000000 -101.000000 0.000000 0.000000
314 1546853748 25.200000 -1.000000 -101.000000 0.000000 0.000000
314 1546853749 25.200000 -1.000000 -101.000000 0.000000 0.000000
314 1546853750 25.200000 -1.000000 -101.000000 0.000000 0.000000
314 1546853751 14.400000 -1.000000 -101.000000 0.000000 0.000000
314 1546853752 14.400000 -1.000000 -101.000000 0.000000 0.000000
314 1546853753 14.400000 -1.000000 -101.000000 0.000000 0.000000
314 1546853754 14.400000 -1.000000 -101.000000 0.000000 0.000000
314 1546853755 14.400000 -1.000000 -101.000000 0.000000 0.000000
314 1546853756 16.600000 -1.000000 2.000000 3.000000 1543.328857
314 1546853746 6.800000 -1.000000 2.000000 2.000000 157.216000
314 1546853747 6.800000 -1.000000 2.000000 2.000000 157.216000
314 1546853748 6.800000 -1.000000 2.000000 2.000000 157.216000
314 1546853749 6.800000 -1.000000 2.000000 2.000000 157.216000
314 1546853750 6.800000 -1.000000 2.000000 2.000000 157.216000
314 1546853751 1.200000 -1.000000 3.000000 3.000000 0.576000
314 1546853752 1.200000 -1.000000 3.000000 3.000000 0.576000
314 1546853753 1.200000 -1.000000 3.000000 3.000000 0.576000
314 1546853754 1.200000 -1.000000 3.000000 3.000000 0.576000
314 1546853755 1.200000 -1.000000 3.000000 3.000000 0.576000
314 1546853756 10.200000 -1.000000 3.000000 3.000000 353.736000
314 1546853757 26.800000 -1.000000 -101.000000 0.000000 0.000000
314 1546853758 26.800000 -1.000000 -101.000000 0.000000 0.000000
314 1546853759 26.800000 -1.000000 -101.000000 0.000000 0.000000
314 1546853760 26.800000 -1.000000 -101.000000 0.000000 0.000000
314 1546853761 18.000000 -1.000000 -101.000000 0.000000 0.000000
314 1546853762 18.000000 -1.000000 -101.000000 0.000000 0.000000
314 1546853763 18.000000 -1.000000 -101.000000 0.000000 0.000000
314 1546853764 18.000000 -1.000000 -101.000000 0.000000 0.000000
314 1546853765 18.000000 -1.000000 -101.000000 0.000000 0.000000
314 1546853766 12.200000 -1.000000 -101.000000 0.000000 0.000000
314 1546853767 12.200000 -1.000000 -101.000000 0.000000 0.000000
314 1546853768 12.200000 -1.000000 -101.000000 0.000000 0.000000
314 1546853769 12.200000 -1.000000 -101.000000 0.000000 0.000000
314 1546853770 12.200000 -1.000000 -101.000000 0.000000 0.000000
314 1546853771 0.600000 -1.000000 -101.000000 0.000000 0.000000
314 1546853772 0.600000 -1.000000 -101.000000 0.000000 0.000000
314 1546853773 0.600000 -1.000000 -101.000000 0.000000 0.000000
314 1546853774 0.600000 -1.000000 -101.000000 0.000000 0.000000
314 1546853775 0.600000 -1.000000 -101.000000 0.000000 0.000000
314 1546853776 47.800000 -1.000000 -101.000000 0.000000 0.000000
314 1546853777 47.800000 -1.000000 -101.000000 0.000000 0.000000
314 1546853778 47.800000 -1.000000 -101.000000 0.000000 0.000000
314 1546853779 47.800000 -1.000000 -101.000000 0.000000 0.000000
314 1546853780 47.800000 -1.000000 -101.000000 0.000000 0.000000
314 1546853781 0.400000 -1.000000 -101.000000 0.000000 0.000000
314 1546853782 0.400000 -1.000000 -101.000000 0.000000 0.000000
314 1546853783 0.400000 -1.000000 -101.000000 0.000000 0.000000
314 1546853784 0.400000 -1.000000 -101.000000 0.000000 0.000000
314 1546853785 0.400000 -1.000000 -101.000000 0.000000 0.000000
314 1546853781 27.800000 -1.000000 1.000000 3.000000 11286.329753
314 1546853782 27.800000 -1.000000 1.000000 3.000000 11286.329753
314 1546853783 27.800000 -1.000000 1.000000 3.000000 11286.329753
314 1546853784 27.800000 -1.000000 1.000000 3.000000 11286.329753
314 1546853785 27.800000 -1.000000 1.000000 3.000000 11286.329753
314 1546853816 8.600000 -1.000000 1.000000 1.000000 636.056000
314 1546853817 8.600000 -1.000000 1.000000 1.000000 636.056000
314 1546853818 8.600000 -1.000000 1.000000 1.000000 636.056000
314 1546853819 8.600000 -1.000000 1.000000 1.000000 636.056000
314 1546853820 8.600000 -1.000000 1.000000 1.000000 636.056000
314 1546853736 0.600000 -1.000000 3.000000 3.000000 0.072000
314 1546853737 0.600000 -1.000000 3.000000 3.000000 0.072000
314 1546853738 0.600000 -1.000000 3.000000 3.000000 0.072000
314 1546853739 0.600000 -1.000000 3.000000 3.000000 0.072000
314 1546853740 0.600000 -1.000000 3.000000 3.000000 0.072000
314 1546853816 2.400000 -1.000000 1.000000 1.000000 13.824000
314 1546853817 2.400000 -1.000000 1.000000 1.000000 13.824000
314 1546853818 2.400000 -1.000000 1.000000 1.000000 13.824000
314 1546853819 2.400000 -1.000000 1.000000 1.000000 13.824000
314 1546853820 2.400000 -1.000000 1.000000 1.000000 13.824000
314 1546853911 16.600000 -1.000000 -101.000000 0.000000 0.000000
314 1546853912 16.600000 -1.000000 -101.000000 0.000000 0.000000
314 1546853913 16.600000 -1.000000 -101.000000 0.000000 0.000000
314 1546853914 16.600000 -1.000000 -101.000000 0.000000 0.000000
314 1546853915 16.600000 -1.000000 -101.000000 0.000000 0.000000
314 1546853971 19.800000 -1.000000 -101.000000 0.000000 0.000000
314 1546853972 19.800000 -1.000000 -101.000000 0.000000 0.000000
314 1546853973 19.800000 -1.000000 -101.000000 0.000000 0.000000
314 1546853974 19.800000 -1.000000 -101.000000 0.000000 0.000000
314 1546853975 19.800000 -1.000000 -101.000000 0.000000 0.000000
314 1546853976 2.800000 -1.000000 -101.000000 0.000000 0.000000
314 1546853977 2.800000 -1.000000 -101.000000 0.000000 0.000000
314 1546853978 2.800000 -1.000000 -101.000000 0.000000 0.000000
314 1546853979 2.800000 -1.000000 -101.000000 0.000000 0.000000
314 1546853980 2.800000 -1.000000 -101.000000 0.000000 0.000000
314 1546853976 7.000000 -1.000000 1.000000 1.000000 343.000000
314 1546853977 7.000000 -1.000000 1.000000 1.000000 343.000000
314 1546853978 7.000000 -1.000000 1.000000 1.000000 343.000000
314 1546853979 7.000000 -1.000000 1.000000 1.000000 343.000000
314 1546853980 7.000000 -1.000000 1.000000 1.000000 343.000000
314 1546854011 7.000000 -1.000000 -101.000000 0.000000 0.000000
314 1546854012 7.000000 -1.000000 -101.000000 0.000000 0.000000
314 1546854013 7.000000 -1.000000 -101.000000 0.000000 0.000000
314 1546854014 7.000000 -1.000000 -101.000000 0.000000 0.000000
314 1546854015 7.000000 -1.000000 -101.000000 0.000000 0.000000
314 1546854011 1.400000 -1.000000 1.000000 1.000000 2.744000
314 1546854012 1.400000 -1.000000 1.000000 1.000000 2.744000
314 1546854013 1.400000 -1.000000 1.000000 1.000000 2.744000
314 1546854014 1.400000 -1.000000 1.000000 1.000000 2.744000
314 1546854015 1.400000 -1.000000 1.000000 1.000000 2.744000
314 1546854026 8.200000 -1.000000 1.000000 2.000000 458.343765
314 1546854027 8.200000 -1.000000 1.000000 2.000000 458.343765
314 1546854028 8.200000 -1.000000 1.000000 2.000000 458.343765
314 1546853911 0.400000 -1.000000 2.000000 2.000000 0.032000
314 1546853912 0.400000 -1.000000 2.000000 2.000000 0.032000
314 1546853913 0.400000 -1.000000 2.000000 2.000000 0.032000
314 1546853914 0.400000 -1.000000 2.000000 2.000000 0.032000
314 1546853915 0.400000 -1.000000 2.000000 2.000000 0.032000
314 1546854029 8.200000 -1.000000 -101.000000 0.000000 0.000000
314 1546854030 8.200000 -1.000000 -101.000000 0.000000 0.000000
314 1546854031 16.000000 -1.000000 -101.000000 0.000000 0.000000
314 1546854032 16.000000 -1.000000 -101.000000 0.000000 0.000000
314 1546854033 16.000000 -1.000000 -101.000000 0.000000 0.000000
314 1546854034 16.000000 -1.000000 -101.000000 0.000000 0.000000
314 1546854035 16.000000 -1.000000 -101.000000 0.000000 0.000000
314 1546854026 9.200000 -1.000000 1.000000 2.000000 509.333333
314 1546854027 9.200000 -1.000000 1.000000 2.000000 509.333333
314 1546854028 9.200000 -1.000000 1.000000 2.000000 509.333333
314 1546854029 9.200000 -1.000000 1.000000 2.000000 509.333333
314 1546854030 9.200000 -1.000000 1.000000 2.000000 509.333333
314 1546854031 31.800000 -1.000000 1.000000 6.000000 6072.700000
314 1546854032 31.800000 -1.000000 1.000000 6.000000 6072.700000
314 1546854033 31.800000 -1.000000 1.000000 6.000000 6072.700000
314 1546854034 31.800000 -1.000000 1.000000 6.000000 6072.700000
314 1546854035 31.800000 -1.000000 1.000000 6.000000 6072.700000
314 1546854011 0.400000 -1.000000 1.000000 1.000000 0.064000
314 1546854012 0.400000 -1.000000 1.000000 1.000000 0.064000
314 1546854013 0.400000 -1.000000 1.000000 1.000000 0.064000
314 1546854014 0.400000 -1.000000 1.000000 1.000000 0.064000
314 1546854015 0.400000 -1.000000 1.000000 1.000000 0.064000
314 1546854051 18.600000 -1.000000 -101.000000 0.000000 0.000000
314 1546854052 18.600000 -1.000000 -101.000000 0.000000 0.000000
314 1546854053 18.600000 -1.000000 -101.000000 0.000000 0.000000
314 1546854054 18.600000 -1.000000 -101.000000 0.000000 0.000000
314 1546854055 18.600000 -1.000000 -101.000000 0.000000 0.000000
314 1546854066 18.000000 -1.000000 -101.000000 0.000000 0.000000
314 1546854067 18.000000 -1.000000 -101.000000 0.000000 0.000000
314 1546854068 18.000000 -1.000000 -101.000000 0.000000 0.000000
314 1546854069 18.000000 -1.000000 -101.000000 0.000000 0.000000
314 1546854070 18.000000 -1.000000 -101.000000 0.000000 0.000000
314 1546854076 122.400000 -1.000000 -101.000000 0.000000 0.000000
314 1546854077 122.400000 -1.000000 -101.000000 0.000000 0.000000
314 1546854078 122.400000 -1.000000 -101.000000 0.000000 0.000000
314 1546854079 122.400000 -1.000000 -101.000000 0.000000 0.000000
314 1546854080 122.400000 -1.000000 -101.000000 0.000000 0.000000
314 1546854091 12.400000 -1.000000 -101.000000 0.000000 0.000000
314 1546854092 12.400000 -1.000000 -101.000000 0.000000 0.000000
314 1546854093 12.400000 -1.000000 -101.000000 0.000000 0.000000
