312 1546853471 464670.000000 -1.000000 -101.000000 0.000000 0.000000
312 1546853472 464670.000000 -1.000000 -101.000000 0.000000 0.000000
312 1546853473 464670.000000 -1.000000 -101.000000 0.000000 0.000000
312 1546853474 464670.000000 -1.000000 -101.000000 0.000000 0.000000
312 1546853475 464670.000000 -1.000000 -101.000000 0.000000 0.000000
312 1546853481 329669.800000 -1.000000 311737.000000 713138.000000 111114156045.781980
312 1546853482 329669.800000 -1.000000 311737.000000 713138.000000 111114156045.781980
312 1546853483 329669.800000 -1.000000 311737.000000 713138.000000 111114156045.781980
312 1546853484 329669.800000 -1.000000 311737.000000 713138.000000 111114156045.781980
312 1546853485 329669.800000 -1.000000 311737.000000 713138.000000 111114156045.781980
312 1546853486 1413257.200000 -1.000000 135874.000000 3771635.000000 6114297831772.960900
312 1546853487 1413257.200000 -1.000000 135874.000000 3771635.000000 6114297831772.960900
312 1546853488 1413257.200000 -1.000000 135874.000000 3771635.000000 6114297831772.960900
312 1546853489 1413257.200000 -1.000000 135874.000000 3771635.000000 6114297831772.960900
312 1546853490 1413257.200000 -1.000000 135874.000000 3771635.000000 6114297831772.960900
312 1546853491 982024.400000 -1.000000 36198.000000 1632988.000000 4243228274126.915000
312 1546853492 982024.400000 -1.000000 36198.000000 1632988.000000 4243228274126.915000
312 1546853493 982024.400000 -1.000000 36198.000000 1632988.000000 4243228274126.915000
312 1546853494 982024.400000 -1.000000 36198.000000 1632988.000000 4243228274126.915000
312 1546853495 982024.400000 -1.000000 36198.000000 1632988.000000 4243228274126.915000
312 1546853506 834986.800000 -1.000000 154.000000 1432535.000000 3061666512998.996100
312 1546853507 834986.800000 -1.000000 154.000000 1432535.000000 3061666512998.996100
312 1546853508 834986.800000 -1.000000 154.000000 1432535.000000 3061666512998.996100
312 1546853509 834986.800000 -1.000000 154.000000 1432535.000000 3061666512998.996100
312 1546853510 834986.800000 -1.000000 154.000000 1432535.000000 3061666512998.996100
312 1546853526 1867644.600000 -1.000000 308.000000 3452201.000000 18285630909455.262000
312 1546853527 1867644.600000 -1.000000 308.000000 3452201.000000 18285630909455.262000
312 1546853528 1867644.600000 -1.000000 308.000000 3452201.000000 18285630909455.262000
312 1546853529 1867644.600000 -1.000000 308.000000 3452201.000000 18285630909455.262000
312 1546853530 1867644.600000 -1.000000 308.000000 3452201.000000 18285630909455.262000
312 1546853531 3408113.600000 -1.000000 308.000000 3452201.000000 59004151779073.102000
312 1546853532 3408113.600000 -1.000000 308.000000 3452201.000000 59004151779073.102000
312 1546853533 3408113.600000 -1.000000 308.000000 3452201.000000 59004151779073.102000
312 1546853534 3408113.600000 -1.000000 308.000000 3452201.000000 59004151779073.102000
312 1546853535 3408113.600000 -1.000000 308.000000 3452201.000000 59004151779073.102000
312 1546853541 1042348.200000 -1.000000 308.000000 2673961.000000 6400778067166.810500
312 1546853542 1042348.200000 -1.000000 308.000000 2673961.000000 6400778067166.810500
312 1546853543 1042348.200000 -1.000000 308.000000 2673961.000000 6400778067166.810500
312 1546853544 1042348.200000 -1.000000 308.000000 2673961.000000 6400778067166.810500
312 1546853545 1042348.200000 -1.000000 308.000000 2673961.000000 6400778067166.810500
312 1546853546 1315658.800000 -1.000000 308.000000 3452201.000000 10429587999931.756000
312 1546853547 1315658.800000 -1.000000 308.000000 3452201.000000 10429587999931.756000
312 1546853548 1315658.800000 -1.000000 308.000000 3452201.000000 10429587999931.756000
312 1546853549 1315658.800000 -1.000000 308.000000 3452201.000000 10429587999931.756000
312 1546853550 1315658.800000 -1.000000 308.000000 3452201.000000 10429587999931.756000
312 1546853496 667471.800000 -1.000000 3337359.000000 3337359.000000 89103720759.048019
312 1546853497 667471.800000 -1.000000 3337359.000000 3337359.000000 89103720759.048019
312 1546853498 667471.800000 -1.000000 3337359.000000 3337359.000000 89103720759.048019
312 1546853499 667471.800000 -1.000000 3337359.000000 3337359.000000 89103720759.048019
312 1546853500 667471.800000 -1.000000 3337359.000000 3337359.000000 89103720759.048019
312 1546853556 911470.200000 -1.000000 21353.000000 2317151.000000 1172422222843.223600
312 1546853557 911470.200000 -1.000000 21353.000000 2317151.000000 1172422222843.223600
312 1546853558 911470.200000 -1.000000 21353.000000 2317151.000000 1172422222843.223600
312 1546853559 911470.200000 -1.000000 21353.000000 2317151.000000 1172422222843.223600
312 1546853560 911470.200000 -1.000000 21353.000000 2317151.000000 1172422222843.223600
312 1546853561 1090471.400000 -1.000000 154.000000 1431075.000000 6347695484166.886700
312 1546853562 1090471.400000 -1.000000 -101.000000 0.000000 0.000000
312 1546853563 1090471.400000 -1.000000 -101.000000 0.000000 0.000000
312 1546853564 1090471.400000 -1.000000 -101.000000 0.000000 0.000000
312 1546853565 1090471.400000 -1.000000 -101.000000 0.000000 0.000000
312 1546853571 2101291.000000 -1.000000 -101.000000 0.000000 0.000000
312 1546853572 2101291.000000 -1.000000 -101.000000 0.000000 0.000000
312 1546853573 2101291.000000 -1.000000 -101.000000 0.000000 0.000000
312 1546853574 2101291.000000 -1.000000 -101.000000 0.000000 0.000000
312 1546853575 2101291.000000 -1.000000 -101.000000 0.000000 0.000000
312 1546853581 1989417.200000 -1.000000 -101.000000 0.000000 0.000000
312 1546853582 1989417.200000 -1.000000 -101.000000 0.000000 0.000000
312 1546853583 1989417.200000 -1.000000 -101.000000 0.000000 0.000000
312 1546853584 1989417.200000 -1.000000 -101.000000 0.000000 0.000000
312 1546853585 1989417.200000 -1.000000 -101.000000 0.000000 0.000000
312 1546853591 1704715.200000 -1.000000 -101.000000 0.000000 0.000000
312 1546853592 1704715.200000 -1.000000 -101.000000 0.000000 0.000000
312 1546853593 1704715.200000 -1.000000 -101.000000 0.000000 0.000000
312 1546853594 1704715.200000 -1.000000 -101.000000 0.000000 0.000000
312 1546853595 1704715.200000 -1.000000 -101.000000 0.000000 0.000000
312 1546853601 1515805.600000 -1.000000 -101.000000 0.000000 0.000000
312 1546853602 1515805.600000 -1.000000 -101.000000 0.000000 0.000000
312 1546853603 1515805.600000 -1.000000 -101.000000 0.000000 0.000000
312 1546853604 1515805.600000 -1.000000 -101.000000 0.000000 0.000000
312 1546853605 1515805.600000 -1.000000 -101.000000 0.000000 0.000000
312 1546853616 2331207.800000 -1.000000 -101.000000 0.000000 0.000000
312 1546853617 2331207.800000 -1.000000 -101.000000 0.000000 0.000000
312 1546853618 2331207.800000 -1.000000 -101.000000 0.000000 0.000000
312 1546853619 2331207.800000 -1.000000 -101.000000 0.000000 0.000000
312 1546853620 2331207.800000 -1.000000 -101.000000 0.000000 0.000000
312 1546853621 3659357.400000 -1.000000 -101.000000 0.000000 0.000000
312 1546853622 3659357.400000 -1.000000 -101.000000 0.000000 0.000000
312 1546853623 3659357.400000 -1.000000 -101.000000 0.000000 0.000000
312 1546853624 3659357.400000 -1.000000 -101.000000 0.000000 0.000000
312 1546853625 3659357.400000 -1.000000 -101.000000 0.000000 0.000000
312 1546853626 768383.000000 -1.000000 -101.000000 0.000000 0.000000
312 1546853627 768383.000000 -1.000000 -101.000000 0.000000 0.000000
312 1546853628 768383.000000 -1.000000 -101.000000 0.000000 0.000000
312 1546853629 768383.000000 -1.000000 -101.000000 0.000000 0.000000
312 1546853630 768383.000000 -1.000000 -101.000000 0.000000 0.000000
312 1546853631 2547084.400000 -1.000000 -101.000000 0.000000 0.000000
312 1546853632 2547084.400000 -1.000000 -101.000000 0.000000 0.000000
312 1546853633 2547084.400000 -1.000000 -101.000000 0.000000 0.000000
312 1546853634 2547084.400000 -1.000000 -101.000000 0.000000 0.000000
312 1546853635 2547084.400000 -1.000000 -101.000000 0.000000 0.000000
312 1546853636 211070.800000 -1.000000 -101.000000 0.000000 0.000000
312 1546853637 211070.800000 -1.000000 -101.000000 0.000000 0.000000
312 1546853638 211070.800000 -1.000000 -101.000000 0.000000 0.000000
312 1546853639 211070.800000 -1.000000 -101.000000 0.000000 0.000000
312 1546853640 211070.800000 -1.000000 -101.000000 0.000000 0.000000
312 1546853656 3865027.800000 -1.000000 -101.000000 0.000000 0.000000
312 1546853657 3865027.800000 -1.000000 -101.000000 0.000000 0.000000
312 1546853658 3865027.800000 -1.000000 -101.000000 0.000000 0.000000
312 1546853659 3865027.800000 -1.000000 -101.000000 0.000000 0.000000
312 1546853660 3865027.800000 -1.000000 -101.000000 0.000000 0.000000
312 1546853701 12410395.200000 -1.000000 -101.000000 0.000000 0.000000
312 1546853702 12410395.200000 -1.000000 -101.000000 0.000000 0.000000
312 1546853703 12410395.200000 -1.000000 -101.000000 0.000000 0.000000
312 1546853704 12410395.200000 -1.000000 -101.000000 0.000000 0.000000
312 1546853705 12410395.200000 -1.000000 -101.000000 0.000000 0.000000
312 1546853706 8326990.400000 -1.000000 -101.000000 0.000000 0.000000
312 1546853707 8326990.400000 -1.000000 -101.000000 0.000000 0.000000
312 1546853708 8326990.400000 -1.000000 -101.000000 0.000000 0.000000
312 1546853709 8326990.400000 -1.000000 -101.000000 0.000000 0.000000
312 1546853710 8326990.400000 -1.000000 -101.000000 0.000000 0.000000
312 1546853711 1553447.200000 -1.000000 -101.000000 0.000000 0.000000
312 1546853712 1553447.200000 -1.000000 -101.000000 0.000000 0.000000
312 1546853713 1553447.200000 -1.000000 -101.000000 0.000000 0.000000
312 1546853714 1553447.200000 -1.000000 -101.000000 0.000000 0.000000
312 1546853715 1553447.200000 -1.000000 -101.000000 0.000000 0.000000
312 1546853716 248848.000000 -1.000000 -101.000000 0.000000 0.000000
312 1546853717 248848.000000 -1.000000 -101.000000 0.000000 0.000000
312 1546853718 248848.000000 -1.000000 -101.000000 0.000000 0.000000
312 1546853719 248848.000000 -1.000000 -101.000000 0.000000 0.000000
312 1546853720 248848.000000 -1.000000 -101.000000 0.000000 0.000000
312 1546853721 120368.600000 -1.000000 -101.000000 0.000000 0.000000
312 1546853722 120368.600000 -1.000000 -101.000000 0.000000 0.000000
312 1546853723 120368.600000 -1.000000 -101.000000 0.000000 0.000000
312 1546853724 120368.600000 -1.000000 -101.000000 0.000000 0.000000
312 1546853725 120368.600000 -1.000000 -101.000000 0.000000 0.000000
312 1546853726 691990.800000 -1.000000 -101.000000 0.000000 0.000000
312 1546853727 691990.800000 -1.000000 -101.000000 0.000000 0.000000
312 1546853728 691990.800000 -1.000000 -101.000000 0.000000 0.000000
312 1546853729 691990.800000 -1.000000 -101.000000 0.000000 0.000000
312 1546853730 691990.800000 -1.000000 -101.000000 0.000000 0.000000
312 1546853731 334643.000000 -1.000000 -101.000000 0.000000 0.000000
312 1546853732 334643.000000 -1.000000 -101.000000 0.000000 0.000000
312 1546853733 334643.000000 -1.000000 -101.000000 0.000000 0.000000
312 1546853734 334643.000000 -1.000000 -101.000000 0.000000 0.000000
312 1546853735 334643.000000 -1.000000 -101.000000 0.000000 0.000000
312 1546853736 882782.800000 -1.000000 -101.000000 0.000000 0.000000
312 1546853737 882782.800000 -1.000000 -101.000000 0.000000 0.000000
312 1546853738 882782.800000 -1.000000 -101.000000 0.000000 0.000000
312 1546853739 882782.800000 -1.000000 -101.000000 0.000000 0.000000
312 1546853740 882782.800000 -1.000000 -101.000000 0.000000 0.000000
312 1546853741 214613.800000 -1.000000 -101.000000 0.000000 0.000000
312 1546853742 214613.800000 -1.000000 -101.000000 0.000000 0.000000
312 1546853743 214613.800000 -1.000000 -101.000000 0.000000 0.000000
312 1546853744 214613.800000 -1.000000 -101.000000 0.000000 0.000000
312 1546853745 214613.800000 -1.000000 -101.000000 0.000000 0.000000
312 1546853746 1164349.600000 -1.000000 -101.000000 0.000000 0.000000
312 1546853747 1164349.600000 -1.000000 -101.000000 0.000000 0.000000
312 1546853748 1164349.600000 -1.000000 -101.000000 0.000000 0.000000
312 1546853749 1164349.600000 -1.000000 -101.000000 0.000000 0.000000
312 1546853750 1164349.600000 -1.000000 -101.000000 0.000000 0.000000
312 1546853751 623061.000000 -1.000000 -101.000000 0.000000 0.000000
312 1546853752 623061.000000 -1.000000 -101.000000 0.000000 0.000000
312 1546853753 623061.000000 -1.000000 -101.000000 0.000000 0.000000
312 1546853754 623061.000000 -1.000000 -101.000000 0.000000 0.000000
312 1546853755 623061.000000 -1.000000 -101.000000 0.000000 0.000000
312 1546853756 235491.200000 -1.000000 780.000000 274109.000000 341259140907.263980
312 1546853746 30138.000000 -1.000000 306.000000 36198.000000 3869907476.752941
312 1546853747 30138.000000 -1.000000 306.000000 36198.000000 3869907476.752941
312 1546853748 30138.000000 -1.000000 306.000000 36198.000000 3869907476.752941
312 1546853749 30138.000000 -1.000000 306.000000 36198.000000 3869907476.752941
312 1546853750 30138.000000 -1.000000 306.000000 36198.000000 3869907476.752941
312 1546853751 18917.400000 -1.000000 3889.000000 90698.000000 896727457.204000
312 1546853752 18917.400000 -1.000000 3889.000000 90698.000000 896727457.204000
312 1546853753 18917.400000 -1.000000 3889.000000 90698.000000 896727457.204000
312 1546853754 18917.400000 -1.000000 3889.000000 90698.000000 896727457.204000
312 1546853755 18917.400000 -1.000000 3889.000000 90698.000000 896727457.204000
312 1546853756 329761.400000 -1.000000 1283.000000 274109.000000 407694985823.040470
312 1546853757 565252.600000 -1.000000 -101.000000 0.000000 0.000000
312 1546853758 565252.600000 -1.000000 -101.000000 0.000000 0.000000
312 1546853759 565252.600000 -1.000000 -101.000000 0.000000 0.000000
312 1546853760 565252.600000 -1.000000 -101.000000 0.000000 0.000000
312 1546853761 886318.200000 -1.000000 -101.000000 0.000000 0.000000
312 1546853762 886318.200000 -1.000000 -101.000000 0.000000 0.000000
312 1546853763 886318.200000 -1.000000 -101.000000 0.000000 0.000000
312 1546853764 886318.200000 -1.000000 -101.000000 0.000000 0.000000
312 1546853765 886318.200000 -1.000000 -101.000000 0.000000 0.000000
312 1546853766 972505.400000 -1.000000 -101.000000 0.000000 0.000000
312 1546853767 972505.400000 -1.000000 -101.000000 0.000000 0.000000
312 1546853768 972505.400000 -1.000000 -101.000000 0.000000 0.000000
312 1546853769 972505.400000 -1.000000 -101.000000 0.000000 0.000000
312 1546853770 972505.400000 -1.000000 -101.000000 0.000000 0.000000
312 1546853771 7270.400000 -1.000000 -101.000000 0.000000 0.000000
312 1546853772 7270.400000 -1.000000 -101.000000 0.000000 0.000000
312 1546853773 7270.400000 -1.000000 -101.000000 0.000000 0.000000
312 1546853774 7270.400000 -1.000000 -101.000000 0.000000 0.000000
312 1546853775 7270.400000 -1.000000 -101.000000 0.000000 0.000000
312 1546853776 2333081.000000 -1.000000 -101.000000 0.000000 0.000000
312 1546853777 2333081.000000 -1.000000 -101.000000 0.000000 0.000000
312 1546853778 2333081.000000 -1.000000 -101.000000 0.000000 0.000000
312 1546853779 2333081.000000 -1.000000 -101.000000 0.000000 0.000000
312 1546853780 2333081.000000 -1.000000 -101.000000 0.000000 0.000000
312 1546853781 36107.200000 -1.000000 -101.000000 0.000000 0.000000
312 1546853782 36107.200000 -1.000000 -101.000000 0.000000 0.000000
312 1546853783 36107.200000 -1.000000 -101.000000 0.000000 0.000000
312 1546853784 36107.200000 -1.000000 -101.000000 0.000000 0.000000
312 1546853785 36107.200000 -1.000000 -101.000000 0.000000 0.000000
312 1546853781 449864.000000 -1.000000 306.000000 180536.000000 2983601339426.695300
312 1546853782 449864.000000 -1.000000 306.000000 180536.000000 2983601339426.695300
312 1546853783 449864.000000 -1.000000 306.000000 180536.000000 2983601339426.695300
312 1546853784 449864.000000 -1.000000 306.000000 180536.000000 2983601339426.695300
312 1546853785 449864.000000 -1.000000 306.000000 180536.000000 2983601339426.695300
312 1546853816 829468.200000 -1.000000 154.000000 1432535.000000 6813803789570.960900
312 1546853817 829468.200000 -1.000000 154.000000 1432535.000000 6813803789570.960900
312 1546853818 829468.200000 -1.000000 154.000000 1432535.000000 6813803789570.960900
312 1546853819 829468.200000 -1.000000 154.000000 1432535.000000 6813803789570.960900
312 1546853820 829468.200000 -1.000000 154.000000 1432535.000000 6813803789570.960900
312 1546853736 27989.400000 -1.000000 139947.000000 139947.000000 156681302.472000
312 1546853737 27989.400000 -1.000000 139947.000000 139947.000000 156681302.472000
312 1546853738 27989.400000 -1.000000 139947.000000 139947.000000 156681302.472000
312 1546853739 27989.400000 -1.000000 139947.000000 139947.000000 156681302.472000
312 1546853740 27989.400000 -1.000000 139947.000000 139947.000000 156681302.472000
312 1546853816 56326.600000 -1.000000 154.000000 93573.000000 11805093301.040615
312 1546853817 56326.600000 -1.000000 154.000000 93573.000000 11805093301.040615
312 1546853818 56326.600000 -1.000000 154.000000 93573.000000 11805093301.040615
312 1546853819 56326.600000 -1.000000 154.000000 93573.000000 11805093301.040615
312 1546853820 56326.600000 -1.000000 154.000000 93573.000000 11805093301.040615
312 1546853911 6297694.000000 -1.000000 -101.000000 0.000000 0.000000
312 1546853912 6297694.000000 -1.000000 -101.000000 0.000000 0.000000
312 1546853913 6297694.000000 -1.000000 -101.000000 0.000000 0.000000
312 1546853914 6297694.000000 -1.000000 -101.000000 0.000000 0.000000
312 1546853915 6297694.000000 -1.000000 -101.000000 0.000000 0.000000
312 1546853971 16083198.200000 -1.000000 -101.000000 0.000000 0.000000
312 1546853972 16083198.200000 -1.000000 -101.000000 0.000000 0.000000
312 1546853973 16083198.200000 -1.000000 -101.000000 0.000000 0.000000
312 1546853974 16083198.200000 -1.000000 -101.000000 0.000000 0.000000
312 1546853975 16083198.200000 -1.000000 -101.000000 0.000000 0.000000
312 1546853976 431.200000 -1.000000 -101.000000 0.000000 0.000000
312 1546853977 431.200000 -1.000000 -101.000000 0.000000 0.000000
312 1546853978 431.200000 -1.000000 -101.000000 0.000000 0.000000
312 1546853979 431.200000 -1.000000 -101.000000 0.000000 0.000000
312 1546853980 431.200000 -1.000000 -101.000000 0.000000 0.000000
312 1546853976 10470343.800000 -1.000000 154.000000 3452047.000000 787495333393153.000000
312 1546853977 10470343.800000 -1.000000 154.000000 3452047.000000 787495333393153.000000
312 1546853978 10470343.800000 -1.000000 154.000000 3452047.000000 787495333393153.000000
312 1546853979 10470343.800000 -1.000000 154.000000 3452047.000000 787495333393153.000000
312 1546853980 10470343.800000 -1.000000 154.000000 3452047.000000 787495333393153.000000
312 1546854011 574314.800000 -1.000000 -101.000000 0.000000 0.000000
312 1546854012 574314.800000 -1.000000 -101.000000 0.000000 0.000000
312 1546854013 574314.800000 -1.000000 -101.000000 0.000000 0.000000
312 1546854014 574314.800000 -1.000000 -101.000000 0.000000 0.000000
312 1546854015 574314.800000 -1.000000 -101.000000 0.000000 0.000000
312 1546854011 378389.000000 -1.000000 154.000000 1432535.000000 522425868379.971310
312 1546854012 378389.000000 -1.000000 154.000000 1432535.000000 522425868379.971310
312 1546854013 378389.000000 -1.000000 154.000000 1432535.000000 522425868379.971310
312 1546854014 378389.000000 -1.000000 154.000000 1432535.000000 522425868379.971310
312 1546854015 378389.000000 -1.000000 154.000000 1432535.000000 522425868379.971310
312 1546854026 4408464.000000 -1.000000 154.000000 3452201.000000 135017157972570.470000
312 1546854027 4408464.000000 -1.000000 154.000000 3452201.000000 135017157972570.470000
312 1546854028 4408464.000000 -1.000000 154.000000 3452201.000000 135017157972570.470000
312 1546853911 27336.800000 -1.000000 136684.000000 136684.000000 149460126.848000
312 1546853912 27336.800000 -1.000000 136684.000000 136684.000000 149460126.848000
312 1546853913 27336.800000 -1.000000 136684.000000 136684.000000 149460126.848000
312 1546853914 27336.800000 -1.000000 136684.000000 136684.000000 149460126.848000
312 1546853915 27336.800000 -1.000000 136684.000000 136684.000000 149460126.848000
312 1546854029 4408464.000000 -1.000000 -101.000000 0.000000 0.000000
312 1546854030 4408464.000000 -1.000000 -101.000000 0.000000 0.000000
312 1546854031 2302032.000000 -1.000000 -101.000000 0.000000 0.000000
312 1546854032 2302032.000000 -1.000000 -101.000000 0.000000 0.000000
312 1546854033 2302032.000000 -1.000000 -101.000000 0.000000 0.000000
312 1546854034 2302032.000000 -1.000000 -101.000000 0.000000 0.000000
312 1546854035 2302032.000000 -1.000000 -101.000000 0.000000 0.000000
312 1546854026 691795.400000 -1.000000 154.000000 3452201.000000 5175260473400.432600
312 1546854027 691795.400000 -1.000000 154.000000 3452201.000000 5175260473400.432600
312 1546854028 691795.400000 -1.000000 154.000000 3452201.000000 5175260473400.432600
312 1546854029 691795.400000 -1.000000 154.000000 3452201.000000 5175260473400.432600
312 1546854030 691795.400000 -1.000000 154.000000 3452201.000000 5175260473400.432600
312 1546854031 4897.200000 -1.000000 154.000000 924.000000 144020153.200000
312 1546854032 4897.200000 -1.000000 154.000000 924.000000 144020153.200000
312 1546854033 4897.200000 -1.000000 154.000000 924.000000 144020153.200000
312 1546854034 4897.200000 -1.000000 154.000000 924.000000 144020153.200000
312 1546854035 4897.200000 -1.000000 154.000000 924.000000 144020153.200000
312 1546854011 61.600000 -1.000000 154.000000 154.000000 1517.824000
312 1546854012 61.600000 -1.000000 154.000000 154.000000 1517.824000
312 1546854013 61.600000 -1.000000 154.000000 154.000000 1517.824000
312 1546854014 61.600000 -1.000000 154.000000 154.000000 1517.824000
312 1546854015 61.600000 -1.000000 154.000000 154.000000 1517.824000
312 1546854051 1163130.600000 -1.000000 -101.000000 0.000000 0.000000
312 1546854052 1163130.600000 -1.000000 -101.000000 0.000000 0.000000
312 1546854053 1163130.600000 -1.000000 -101.000000 0.000000 0.000000
312 1546854054 1163130.600000 -1.000000 -101.000000 0.000000 0.000000
312 1546854055 1163130.600000 -1.000000 -101.000000 0.000000 0.000000
312 1546854066 1155012.200000 -1.000000 -101.000000 0.000000 0.000000
312 1546854067 1155012.200000 -1.000000 -101.000000 0.000000 0.000000
312 1546854068 1155012.200000 -1.000000 -101.000000 0.000000 0.000000
312 1546854069 1155012.200000 -1.000000 -101.000000 0.000000 0.000000
312 1546854070 1155012.200000 -1.000000 -101.000000 0.000000 0.000000
312 1546854076 2384963.200000 -1.000000 -101.000000 0.000000 0.000000
312 1546854077 2384963.200000 -1.000000 -101.000000 0.000000 0.000000
312 1546854078 2384963.200000 -1.000000 -101.000000 0.000000 0.000000
312 1546854079 2384963.200000 -1.000000 -101.000000 0.000000 0.000000
312 1546854080 2384963.200000 -1.000000 -101.000000 0.000000 0.000000
312 1546854091 1578224.400000 -1.000000 -101.000000 0.000000 0.000000
312 1546854092 1578224.400000 -1.000000 -101.000000 0.000000 0.000000
312 1546854093 1578224.400000 -1.000000 -101.000000 0.000000 0.000000
