320 1546853467 0.000000 0.000000 -101.000000 0.000000 0.000000
320 1546853468 0.000000 0.000000 -101.000000 0.000000 0.000000
320 1546853469 0.000000 0.000000 -101.000000 0.000000 0.000000
320 1546853470 0.000000 0.000000 -101.000000 0.000000 0.000000
320 1546853471 1.000000 5.000000 5.000000 5.000000 -20.200000
320 1546853472 1.000000 5.000000 10.000000 10.000000 -20.200000
320 1546853473 1.000000 5.000000 15.000000 15.000000 -20.200000
320 1546853474 1.000000 5.000000 20.000000 20.000000 -20.200000
320 1546853475 1.000000 5.000000 25.000000 25.000000 -20.200000
320 1546853476 0.000000 5.000000 25.000000 25.000000 -20.200000
320 1546853477 0.000000 5.000000 25.000000 25.000000 -20.200000
320 1546853478 0.000000 5.000000 25.000000 25.000000 -20.200000
320 1546853479 0.000000 5.000000 25.000000 25.000000 -20.200000
320 1546853480 0.000000 5.000000 25.000000 25.000000 -20.200000
320 1546853481 0.000000 5.000000 25.000000 25.000000 -20.200000
320 1546853482 0.000000 5.000000 25.000000 25.000000 -20.200000
320 1546853483 0.000000 5.000000 25.000000 25.000000 -20.200000
320 1546853484 0.000000 5.000000 25.000000 25.000000 -20.200000
320 1546853485 0.000000 5.000000 25.000000 25.000000 -20.200000
320 1546853486 0.000000 5.000000 25.000000 25.000000 -20.200000
320 1546853487 0.000000 5.000000 25.000000 25.000000 -20.200000
320 1546853488 0.000000 5.000000 25.000000 25.000000 -20.200000
320 1546853489 0.000000 5.000000 25.000000 25.000000 -20.200000
320 1546853490 0.000000 5.000000 25.000000 25.000000 -20.200000
320 1546853491 0.000000 5.000000 25.000000 25.000000 -20.200000
320 1546853492 0.000000 5.000000 25.000000 25.000000 -20.200000
320 1546853493 0.000000 5.000000 25.000000 25.000000 -20.200000
320 1546853494 0.000000 5.000000 25.000000 25.000000 -20.200000
320 1546853495 0.000000 5.000000 25.000000 25.000000 -20.200000
320 1546853496 0.000000 5.000000 25.000000 25.000000 -20.200000
320 1546853497 0.000000 5.000000 25.000000 25.000000 -20.200000
320 1546853498 0.000000 5.000000 25.000000 25.000000 -20.200000
320 1546853499 0.000000 5.000000 25.000000 25.000000 -20.200000
320 1546853500 0.000000 5.000000 25.000000 25.000000 -20.200000
320 1546853501 0.000000 5.000000 25.000000 25.000000 -20.200000
320 1546853502 0.000000 5.000000 25.000000 25.000000 -20.200000
320 1546853503 0.000000 5.000000 25.000000 25.000000 -20.200000
320 1546853504 0.000000 5.000000 25.000000 25.000000 -20.200000
320 1546853505 0.000000 5.000000 25.000000 25.000000 -20.200000
320 1546853506 0.000000 5.000000 25.000000 25.000000 -20.200000
320 1546853507 0.000000 5.000000 25.000000 25.000000 -20.200000
320 1546853508 0.000000 5.000000 25.000000 25.000000 -20.200000
320 1546853509 0.000000 5.000000 25.000000 25.000000 -20.200000
320 1546853510 0.000000 5.000000 25.000000 25.000000 -20.200000
320 1546853511 0.000000 5.000000 25.000000 25.000000 -20.200000
320 1546853512 0.000000 5.000000 25.000000 25.000000 -20.200000
320 1546853513 0.000000 5.000000 25.000000 25.000000 -20.200000
320 1546853514 0.000000 5.000000 25.000000 25.000000 -20.200000
320 1546853515 0.000000 5.000000 25.000000 25.000000 -20.200000
320 1546853516 0.000000 5.000000 25.000000 25.000000 -20.200000
320 1546853517 0.000000 5.000000 25.000000 25.000000 -20.200000
320 1546853518 0.000000 5.000000 25.000000 25.000000 -20.200000
320 1546853519 0.000000 5.000000 25.000000 25.000000 -20.200000
320 1546853520 0.000000 5.000000 25.000000 25.000000 -20.200000
320 1546853521 0.000000 5.000000 25.000000 25.000000 -20.200000
320 1546853522 0.000000 5.000000 25.000000 25.000000 -20.200000
320 1546853523 0.000000 5.000000 25.000000 25.000000 -20.200000
320 1546853524 0.000000 5.000000 25.000000 25.000000 -20.200000
320 1546853525 0.000000 5.000000 25.000000 25.000000 -20.200000
320 1546853526 0.000000 5.000000 25.000000 25.000000 -20.200000
320 1546853527 0.000000 5.000000 25.000000 25.000000 -20.200000
320 1546853528 0.000000 5.000000 25.000000 25.000000 -20.200000
320 1546853529 0.000000 5.000000 25.000000 25.000000 -20.200000
320 1546853530 0.000000 5.000000 25.000000 25.000000 -20.200000
320 1546853531 0.000000 5.000000 25.000000 25.000000 -20.200000
320 1546853532 0.000000 5.000000 25.000000 25.000000 -20.200000
320 1546853533 0.000000 5.000000 25.000000 25.000000 -20.200000
320 1546853534 0.000000 5.000000 25.000000 25.000000 -20.200000
320 1546853535 0.000000 5.000000 25.000000 25.000000 -20.200000
320 1546853536 0.000000 5.000000 25.000000 25.000000 -20.200000
320 1546853537 0.000000 5.000000 25.000000 25.000000 -20.200000
320 1546853538 0.000000 5.000000 25.000000 25.000000 -20.200000
320 1546853539 0.000000 5.000000 25.000000 25.000000 -20.200000
320 1546853540 0.000000 5.000000 25.000000 25.000000 -20.200000
320 1546853541 0.000000 5.000000 25.000000 25.000000 -20.200000
320 1546853542 0.000000 5.000000 25.000000 25.000000 -20.200000
320 1546853543 0.000000 5.000000 25.000000 25.000000 -20.200000
320 1546853544 0.000000 5.000000 25.000000 25.000000 -20.200000
320 1546853545 0.000000 5.000000 25.000000 25.000000 -20.200000
320 1546853546 0.000000 5.000000 25.000000 25.000000 -20.200000
320 1546853547 0.000000 5.000000 25.000000 25.000000 -20.200000
320 1546853548 0.000000 5.000000 25.000000 25.000000 -20.200000
320 1546853549 0.000000 5.000000 25.000000 25.000000 -20.200000
320 1546853550 0.000000 5.000000 25.000000 25.000000 -20.200000
320 1546853551 0.000000 5.000000 25.000000 25.000000 -20.200000
320 1546853552 0.000000 5.000000 25.000000 25.000000 -20.200000
320 1546853553 0.000000 5.000000 25.000000 25.000000 -20.200000
320 1546853554 0.000000 5.000000 25.000000 25.000000 -20.200000
320 1546853555 0.000000 5.000000 25.000000 25.000000 -20.200000
320 1546853556 0.000000 5.000000 25.000000 25.000000 -20.200000
320 1546853557 0.000000 5.000000 25.000000 25.000000 -20.200000
320 1546853558 0.000000 5.000000 25.000000 25.000000 -20.200000
320 1546853559 0.000000 5.000000 25.000000 25.000000 -20.200000
320 1546853560 0.000000 5.000000 25.000000 25.000000 -20.200000
320 1546853561 0.000000 5.000000 25.000000 25.000000 -20.200000
320 1546853562 0.000000 5.000000 25.000000 25.000000 -20.200000
320 1546853536 0.000000 0.200000 0.000000 0.000000 0.000000
320 1546853537 0.000000 0.200000 0.000000 0.000000 0.000000
320 1546853538 0.000000 0.200000 0.000000 0.000000 0.000000
320 1546853539 0.000000 0.200000 0.000000 0.000000 0.000000
320 1546853540 0.000000 0.200000 0.000000 0.000000 0.000000
320 1546853541 -5.000000 0.200000 -1.000000 -1.000000 0.200000
320 1546853542 -5.000000 0.200000 -1.000000 -1.000000 0.200000
320 1546853543 -5.000000 0.200000 -1.000000 -1.000000 0.200000
320 1546853544 -5.000000 0.200000 -1.000000 -1.000000 0.200000
320 1546853545 -5.000000 0.200000 -1.000000 -1.000000 0.200000
320 1546853506 -1.666667 0.600000 -1.000000 0.000000 0.733333
320 1546853507 -1.666667 0.600000 -1.000000 0.000000 0.733333
320 1546853508 -1.666667 0.600000 -1.000000 0.000000 0.733333
320 1546853509 -1.666667 0.600000 -1.000000 0.000000 0.733333
320 1546853510 -1.666667 0.600000 -1.000000 0.000000 0.733333
320 1546853526 5.000000 0.200000 1.000000 1.000000 0.200000
320 1546853527 5.000000 0.200000 1.000000 1.000000 0.200000
320 1546853528 5.000000 0.200000 1.000000 1.000000 0.200000
320 1546853529 5.000000 0.200000 1.000000 1.000000 0.200000
320 1546853530 5.000000 0.200000 1.000000 1.000000 0.200000
320 1546853563 0.000000 6.200000 24.000000 24.000000 -20.200000
320 1546853564 0.000000 6.200000 24.000000 24.000000 -20.200000
320 1546853565 0.000000 6.200000 24.000000 24.000000 -20.200000
320 1546853566 0.000000 6.200000 24.000000 24.000000 -20.200000
320 1546853567 0.000000 6.200000 24.000000 24.000000 -20.200000
320 1546853568 0.000000 6.200000 24.000000 24.000000 -20.200000
320 1546853569 0.000000 6.200000 24.000000 24.000000 -20.200000
320 1546853570 0.000000 6.200000 24.000000 24.000000 -20.200000
320 1546853571 0.000000 6.600000 24.000000 24.000000 -20.200000
320 1546853572 0.000000 6.600000 24.000000 24.000000 -20.200000
320 1546853573 0.000000 6.600000 24.000000 24.000000 -20.200000
320 1546853574 0.000000 6.600000 24.000000 24.000000 -20.200000
320 1546853575 0.000000 6.600000 24.000000 24.000000 -20.200000
320 1546853576 0.000000 6.600000 24.000000 24.000000 -20.200000
320 1546853577 0.000000 6.600000 24.000000 24.000000 -20.200000
320 1546853578 0.000000 6.600000 24.000000 24.000000 -20.200000
320 1546853579 0.000000 6.600000 24.000000 24.000000 -20.200000
320 1546853580 0.000000 6.600000 24.000000 24.000000 -20.200000
320 1546853581 0.000000 6.600000 24.000000 24.000000 -20.200000
320 1546853582 0.000000 6.600000 24.000000 24.000000 -20.200000
320 1546853583 0.000000 6.600000 24.000000 24.000000 -20.200000
320 1546853584 0.000000 6.600000 24.000000 24.000000 -20.200000
320 1546853585 0.000000 6.600000 24.000000 24.000000 -20.200000
320 1546853586 0.000000 6.600000 24.000000 24.000000 -20.200000
320 1546853587 0.000000 6.600000 24.000000 24.000000 -20.200000
320 1546853588 0.000000 6.600000 24.000000 24.000000 -20.200000
320 1546853589 0.000000 6.600000 24.000000 24.000000 -20.200000
320 1546853590 0.000000 6.600000 24.000000 24.000000 -20.200000
320 1546853591 0.000000 6.600000 24.000000 24.000000 -20.200000
320 1546853592 0.000000 6.600000 24.000000 24.000000 -20.200000
320 1546853593 0.000000 6.600000 24.000000 24.000000 -20.200000
320 1546853594 0.000000 6.600000 24.000000 24.000000 -20.200000
320 1546853595 0.000000 6.600000 24.000000 24.000000 -20.200000
320 1546853596 0.000000 6.600000 24.000000 24.000000 -20.200000
320 1546853597 0.000000 6.600000 24.000000 24.000000 -20.200000
320 1546853598 0.000000 6.600000 24.000000 24.000000 -20.200000
320 1546853599 0.000000 6.600000 24.000000 24.000000 -20.200000
320 1546853600 0.000000 6.600000 24.000000 24.000000 -20.200000
320 1546853601 0.000000 6.600000 24.000000 24.000000 -20.200000
320 1546853602 0.000000 6.600000 24.000000 24.000000 -20.200000
320 1546853603 0.000000 6.600000 24.000000 24.000000 -20.200000
320 1546853604 0.000000 6.600000 24.000000 24.000000 -20.200000
320 1546853605 0.000000 6.600000 24.000000 24.000000 -20.200000
320 1546853606 0.000000 6.600000 24.000000 24.000000 -20.200000
320 1546853607 0.000000 6.600000 24.000000 24.000000 -20.200000
320 1546853608 0.000000 6.600000 24.000000 24.000000 -20.200000
320 1546853609 0.000000 6.600000 24.000000 24.000000 -20.200000
320 1546853610 0.000000 6.600000 24.000000 24.000000 -20.200000
320 1546853611 0.000000 6.600000 24.000000 24.000000 -20.200000
320 1546853612 0.000000 6.600000 24.000000 24.000000 -20.200000
320 1546853613 0.000000 6.600000 24.000000 24.000000 -20.200000
320 1546853614 0.000000 6.600000 24.000000 24.000000 -20.200000
320 1546853615 0.000000 6.600000 24.000000 24.000000 -20.200000
320 1546853616 0.000000 6.600000 24.000000 24.000000 -20.200000
320 1546853617 0.000000 6.600000 24.000000 24.000000 -20.200000
320 1546853618 0.000000 6.600000 24.000000 24.000000 -20.200000
320 1546853619 0.000000 6.600000 24.000000 24.000000 -20.200000
320 1546853620 0.000000 6.600000 24.000000 24.000000 -20.200000
320 1546853621 0.431034 11.600000 29.000000 29.000000 -20.200000
320 1546853622 0.431034 11.600000 34.000000 34.000000 -20.200000
320 1546853623 0.431034 11.600000 39.000000 39.000000 -20.200000
320 1546853624 0.431034 11.600000 44.000000 44.000000 -20.200000
320 1546853625 0.431034 11.600000 49.000000 49.000000 -20.200000
320 1546853626 0.000000 11.600000 49.000000 49.000000 -20.200000
320 1546853627 0.000000 11.600000 49.000000 49.000000 -20.200000
320 1546853628 0.000000 11.600000 49.000000 49.000000 -20.200000
320 1546853629 0.000000 11.600000 49.000000 49.000000 -20.200000
320 1546853630 0.000000 11.600000 49.000000 49.000000 -20.200000
320 1546853631 0.000000 11.600000 49.000000 49.000000 -20.200000
320 1546853632 0.000000 11.600000 49.000000 49.000000 -20.200000
320 1546853633 0.000000 11.600000 49.000000 49.000000 -20.200000
320 1546853634 0.000000 11.600000 49.000000 49.000000 -20.200000
320 1546853635 0.000000 11.600000 49.000000 49.000000 -20.200000
320 1546853636 0.000000 11.600000 49.000000 49.000000 -20.200000
320 1546853637 0.000000 11.600000 49.000000 49.000000 -20.200000
320 1546853638 0.000000 11.600000 49.000000 49.000000 -20.200000
320 1546853639 0.000000 11.600000 49.000000 49.000000 -20.200000
320 1546853640 0.000000 11.600000 49.000000 49.000000 -20.200000
320 1546853641 0.000000 11.600000 49.000000 49.000000 -20.200000
320 1546853642 0.000000 11.600000 49.000000 49.000000 -20.200000
320 1546853643 0.000000 11.600000 49.000000 49.000000 -20.200000
320 1546853644 0.000000 11.600000 49.000000 49.000000 -20.200000
320 1546853645 0.000000 11.600000 49.000000 49.000000 -20.200000
320 1546853646 0.000000 11.600000 49.000000 49.000000 -20.200000
320 1546853647 0.000000 11.600000 49.000000 49.000000 -20.200000
320 1546853648 0.000000 11.600000 49.000000 49.000000 -20.200000
320 1546853649 0.000000 11.600000 49.000000 49.000000 -20.200000
320 1546853650 0.000000 11.600000 49.000000 49.000000 -20.200000
320 1546853651 0.000000 11.600000 49.000000 49.000000 -20.200000
320 1546853652 0.000000 11.600000 49.000000 49.000000 -20.200000
320 1546853653 0.000000 11.600000 49.000000 49.000000 -20.200000
320 1546853654 0.000000 11.600000 49.000000 49.000000 -20.200000
320 1546853655 0.000000 11.600000 49.000000 49.000000 -20.200000
320 1546853656 0.000000 11.600000 49.000000 49.000000 -20.200000
320 1546853657 0.000000 11.600000 49.000000 49.000000 -20.200000
320 1546853658 0.000000 11.600000 49.000000 49.000000 -20.200000
320 1546853659 0.000000 11.600000 49.000000 49.000000 -20.200000
320 1546853660 0.000000 11.600000 49.000000 49.000000 -20.200000
320 1546853661 0.000000 11.600000 49.000000 49.000000 -20.200000
320 1546853662 0.000000 11.600000 49.000000 49.000000 -20.200000
320 1546853663 0.000000 11.600000 49.000000 49.000000 -20.200000
320 1546853664 0.000000 11.600000 49.000000 49.000000 -20.200000
320 1546853665 0.000000 11.600000 49.000000 49.000000 -20.200000
320 1546853666 0.000000 11.600000 49.000000 49.000000 -20.200000
320 1546853667 0.000000 11.600000 49.000000 49.000000 -20.200000
320 1546853668 0.000000 11.600000 49.000000 49.000000 -20.200000
320 1546853669 0.000000 11.600000 49.000000 49.000000 -20.200000
320 1546853670 0.000000 11.600000 49.000000 49.000000 -20.200000
320 1546853671 0.000000 11.600000 49.000000 49.000000 -20.200000
320 1546853672 0.000000 11.600000 49.000000 49.000000 -20.200000
320 1546853673 0.000000 11.600000 49.000000 49.000000 -20.200000
320 1546853674 0.000000 11.600000 49.000000 49.000000 -20.200000
320 1546853675 0.000000 11.600000 49.000000 49.000000 -20.200000
320 1546853676 0.000000 11.600000 49.000000 49.000000 -20.200000
320 1546853677 0.000000 11.600000 49.000000 49.000000 -20.200000
320 1546853678 0.000000 11.600000 49.000000 49.000000 -20.200000
320 1546853679 0.000000 11.600000 49.000000 49.000000 -20.200000
320 1546853680 0.000000 11.600000 49.000000 49.000000 -20.200000
320 1546853681 0.000000 11.600000 49.000000 49.000000 -20.200000
320 1546853682 0.000000 11.600000 49.000000 49.000000 -20.200000
320 1546853683 0.000000 11.600000 49.000000 49.000000 -20.200000
320 1546853684 0.000000 11.600000 49.000000 49.000000 -20.200000
320 1546853685 0.000000 11.600000 49.000000 49.000000 -20.200000
320 1546853686 0.000000 11.600000 49.000000 49.000000 -20.200000
320 1546853687 0.000000 11.600000 49.000000 49.000000 -20.200000
320 1546853688 0.000000 11.600000 49.000000 49.000000 -20.200000
320 1546853689 0.000000 11.600000 49.000000 49.000000 -20.200000
320 1546853690 0.000000 11.600000 49.000000 49.000000 -20.200000
320 1546853691 0.000000 11.600000 49.000000 49.000000 -20.200000
320 1546853692 0.000000 11.600000 49.000000 49.000000 -20.200000
320 1546853693 0.000000 11.600000 49.000000 49.000000 -20.200000
320 1546853694 0.000000 11.600000 49.000000 49.000000 -20.200000
320 1546853695 0.000000 11.600000 49.000000 49.000000 -20.200000
320 1546853696 0.000000 11.600000 49.000000 49.000000 -20.200000
320 1546853697 0.000000 11.600000 49.000000 49.000000 -20.200000
320 1546853698 0.000000 11.600000 49.000000 49.000000 -20.200000
320 1546853699 0.000000 11.600000 49.000000 49.000000 -20.200000
320 1546853700 0.000000 11.600000 49.000000 49.000000 -20.200000
320 1546853701 0.000000 11.600000 49.000000 49.000000 -20.200000
320 1546853702 0.000000 11.600000 49.000000 49.000000 -20.200000
320 1546853703 0.000000 11.600000 49.000000 49.000000 -20.200000
320 1546853704 0.000000 11.600000 49.000000 49.000000 -20.200000
320 1546853705 0.000000 11.600000 49.000000 49.000000 -20.200000
320 1546853706 0.000000 18.400000 49.000000 49.000000 -20.200000
320 1546853707 0.000000 18.400000 49.000000 49.000000 -20.200000
320 1546853708 0.000000 18.400000 49.000000 49.000000 -20.200000
320 1546853709 0.000000 18.400000 49.000000 49.000000 -20.200000
320 1546853710 0.000000 18.400000 49.000000 49.000000 -20.200000
320 1546853711 0.000000 18.800000 49.000000 49.000000 -20.200000
320 1546853712 0.000000 18.800000 49.000000 49.000000 -20.200000
320 1546853713 0.000000 18.800000 49.000000 49.000000 -20.200000
320 1546853714 0.000000 18.800000 49.000000 49.000000 -20.200000
320 1546853715 0.000000 18.800000 49.000000 49.000000 -20.200000
320 1546853716 0.000000 18.800000 49.000000 49.000000 -20.200000
320 1546853717 0.000000 18.800000 49.000000 49.000000 -20.200000
320 1546853718 0.000000 18.800000 49.000000 49.000000 -20.200000
320 1546853719 0.000000 18.800000 49.000000 49.000000 -20.200000
320 1546853720 0.000000 18.800000 49.000000 49.000000 -20.200000
320 1546853721 0.020833 19.200000 49.400000 49.400000 -20.200000
320 1546853722 0.020833 19.200000 49.800000 49.800000 -20.200000
320 1546853723 0.020833 19.200000 50.200000 50.200000 -20.200000
320 1546853724 0.020833 19.200000 50.600000 50.600000 -20.200000
320 1546853725 0.020833 19.200000 51.000000 51.000000 -20.200000
320 1546853726 0.272727 26.400000 58.200000 58.200000 -20.200000
320 1546853727 0.272727 26.400000 65.400000 65.400000 -20.200000
320 1546853728 0.272727 26.400000 72.600000 72.600000 -20.200000
320 1546853729 0.272727 26.400000 79.800000 79.800000 -20.200000
320 1546853730 0.272727 26.400000 87.000000 87.000000 -20.200000
320 1546853731 0.102041 29.400000 90.000000 90.000000 -20.200000
320 1546853732 0.102041 29.400000 93.000000 93.000000 -20.200000
320 1546853733 0.102041 29.400000 96.000000 96.000000 -20.200000
320 1546853734 0.102041 29.400000 99.000000 99.000000 -20.200000
320 1546853735 0.102041 29.400000 102.000000 102.000000 -20.200000
320 1546853736 0.039216 30.600000 103.200000 103.200000 -20.200000
320 1546853737 0.039216 30.600000 104.400000 104.400000 -20.200000
320 1546853738 0.039216 30.600000 105.600000 105.600000 -20.200000
320 1546853739 0.039216 30.600000 106.800000 106.800000 -20.200000
320 1546853740 0.039216 30.600000 108.000000 108.000000 -20.200000
320 1546853741 0.061350 32.600000 110.000000 110.000000 -20.200000
320 1546853742 0.061350 32.600000 112.000000 112.000000 -20.200000
320 1546853743 0.061350 32.600000 114.000000 114.000000 -20.200000
320 1546853744 0.061350 32.600000 116.000000 116.000000 -20.200000
320 1546853745 0.061350 32.600000 118.000000 118.000000 -20.200000
320 1546853746 0.006098 32.800000 118.200000 118.200000 -20.200000
320 1546853747 0.006098 32.800000 118.400000 118.400000 -20.200000
320 1546853748 0.006098 32.800000 118.600000 118.600000 -20.200000
320 1546853749 0.006098 32.800000 118.800000 118.800000 -20.200000
320 1546853750 0.006098 32.800000 119.000000 119.000000 -20.200000
320 1546853751 0.000000 32.800000 119.000000 119.000000 -20.200000
320 1546853752 0.000000 32.800000 119.000000 119.000000 -20.200000
320 1546853753 0.000000 32.800000 119.000000 119.000000 -20.200000
320 1546853754 0.000000 32.800000 119.000000 119.000000 -20.200000
320 1546853755 0.000000 32.800000 119.000000 119.000000 -20.200000
320 1546853756 0.000000 32.800000 119.000000 119.000000 -20.200000
320 1546853757 0.000000 32.800000 119.000000 119.000000 -20.200000
320 1546853758 0.000000 32.800000 119.000000 119.000000 -20.200000
320 1546853759 0.000000 32.800000 119.000000 119.000000 -20.200000
320 1546853760 0.000000 32.800000 119.000000 119.000000 -20.200000
320 1546853761 0.000000 32.800000 119.000000 119.000000 -20.200000
320 1546853762 0.000000 32.800000 119.000000 119.000000 -20.200000
320 1546853763 0.000000 32.800000 119.000000 119.000000 -20.200000
320 1546853764 0.000000 32.800000 119.000000 119.000000 -20.200000
320 1546853765 0.000000 32.800000 119.000000 119.000000 -20.200000
320 1546853766 0.000000 37.000000 119.000000 119.000000 -20.200000
320 1546853767 0.000000 37.000000 119.000000 119.000000 -20.200000
320 1546853768 0.000000 37.000000 119.000000 119.000000 -20.200000
320 1546853769 0.000000 37.000000 119.000000 119.000000 -20.200000
320 1546853770 0.000000 37.000000 119.000000 119.000000 -20.200000
320 1546853771 0.000000 37.000000 119.000000 119.000000 -20.200000
320 1546853772 0.000000 37.000000 119.000000 119.000000 -20.200000
320 1546853773 0.000000 37.000000 119.000000 119.000000 -20.200000
320 1546853774 0.000000 37.000000 119.000000 119.000000 -20.200000
320 1546853775 0.000000 37.000000 119.000000 119.000000 -20.200000
320 1546853776 0.000000 37.000000 119.000000 119.000000 -20.200000
320 1546853777 0.000000 37.000000 119.000000 119.000000 -20.200000
320 1546853778 0.000000 37.000000 119.000000 119.000000 -20.200000
320 1546853779 0.000000 37.000000 119.000000 119.000000 -20.200000
320 1546853780 0.000000 37.000000 119.000000 119.000000 -20.200000
320 1546853781 0.000000 37.000000 119.000000 119.000000 -20.200000
320 1546853782 0.000000 37.000000 119.000000 119.000000 -20.200000
320 1546853783 0.000000 37.000000 119.000000 119.000000 -20.200000
320 1546853784 0.000000 37.000000 119.000000 119.000000 -20.200000
320 1546853785 0.000000 37.000000 119.000000 119.000000 -20.200000
320 1546853786 0.000000 37.000000 119.000000 119.000000 -20.200000
320 1546853787 0.000000 37.000000 119.000000 119.000000 -20.200000
320 1546853788 0.000000 37.000000 119.000000 119.000000 -20.200000
320 1546853789 0.000000 37.000000 119.000000 119.000000 -20.200000
320 1546853790 0.000000 37.000000 119.000000 119.000000 -20.200000
320 1546853791 0.000000 37.000000 119.000000 119.000000 -20.200000
320 1546853792 0.000000 37.000000 119.000000 119.000000 -20.200000
320 1546853793 0.000000 37.000000 119.000000 119.000000 -20.200000
320 1546853794 0.000000 37.000000 119.000000 119.000000 -20.200000
320 1546853795 0.000000 37.000000 119.000000 119.000000 -20.200000
320 1546853796 0.000000 37.000000 119.000000 119.000000 -20.200000
320 1546853797 0.000000 37.000000 119.000000 119.000000 -20.200000
320 1546853798 0.000000 37.000000 119.000000 119.000000 -20.200000
320 1546853799 0.000000 37.000000 119.000000 119.000000 -20.200000
320 1546853800 0.000000 37.000000 119.000000 119.000000 -20.200000
320 1546853801 0.000000 37.000000 119.000000 119.000000 -20.200000
320 1546853802 0.000000 37.000000 119.000000 119.000000 -20.200000
320 1546853803 0.000000 37.000000 119.000000 119.000000 -20.200000
320 1546853804 0.000000 37.000000 119.000000 119.000000 -20.200000
320 1546853805 0.000000 37.000000 119.000000 119.000000 -20.200000
320 1546853806 0.000000 37.000000 119.000000 119.000000 -20.200000
320 1546853807 0.000000 37.000000 119.000000 119.000000 -20.200000
320 1546853808 0.000000 37.000000 119.000000 119.000000 -20.200000
320 1546853809 0.000000 37.000000 119.000000 119.000000 -20.200000
320 1546853810 0.000000 37.000000 119.000000 119.000000 -20.200000
320 1546853811 0.000000 37.000000 119.000000 119.000000 -20.200000
320 1546853812 0.000000 37.000000 119.000000 119.000000 -20.200000
320 1546853813 0.000000 37.000000 119.000000 119.000000 -20.200000
320 1546853814 0.000000 37.000000 119.000000 119.000000 -20.200000
320 1546853815 0.000000 37.000000 119.000000 119.000000 -20.200000
320 1546853816 0.000000 37.000000 119.000000 119.000000 -20.200000
320 1546853817 0.000000 37.000000 119.000000 119.000000 -20.200000
320 1546853818 0.000000 37.000000 119.000000 119.000000 -20.200000
320 1546853819 0.000000 37.000000 119.000000 119.000000 -20.200000
320 1546853820 0.000000 37.000000 119.000000 119.000000 -20.200000
320 1546853821 0.000000 37.000000 119.000000 119.000000 -20.200000
320 1546853822 0.000000 37.000000 119.000000 119.000000 -20.200000
320 1546853823 0.000000 37.000000 119.000000 119.000000 -20.200000
320 1546853824 0.000000 37.000000 119.000000 119.000000 -20.200000
320 1546853825 0.000000 37.000000 119.000000 119.000000 -20.200000
320 1546853826 0.000000 37.000000 119.000000 119.000000 -20.200000
320 1546853827 0.000000 37.000000 119.000000 119.000000 -20.200000
320 1546853828 0.000000 37.000000 119.000000 119.000000 -20.200000
320 1546853829 0.000000 37.000000 119.000000 119.000000 -20.200000
320 1546853830 0.000000 37.000000 119.000000 119.000000 -20.200000
320 1546853831 0.000000 37.000000 119.000000 119.000000 -20.200000
320 1546853832 0.000000 37.000000 119.000000 119.000000 -20.200000
320 1546853833 0.000000 37.000000 119.000000 119.000000 -20.200000
320 1546853834 0.000000 37.000000 119.000000 119.000000 -20.200000
320 1546853835 0.000000 37.000000 119.000000 119.000000 -20.200000
320 1546853836 0.000000 37.000000 119.000000 119.000000 -20.200000
320 1546853837 0.000000 37.000000 119.000000 119.000000 -20.200000
320 1546853838 0.000000 37.000000 119.000000 119.000000 -20.200000
320 1546853839 0.000000 37.000000 119.000000 119.000000 -20.200000
320 1546853840 0.000000 37.000000 119.000000 119.000000 -20.200000
320 1546853841 0.000000 37.000000 119.000000 119.000000 -20.200000
320 1546853842 0.000000 37.000000 119.000000 119.000000 -20.200000
320 1546853843 0.000000 37.000000 119.000000 119.000000 -20.200000
320 1546853844 0.000000 37.000000 119.000000 119.000000 -20.200000
320 1546853845 0.000000 37.000000 119.000000 119.000000 -20.200000
320 1546853846 0.000000 37.000000 119.000000 119.000000 -20.200000
320 1546853847 0.000000 37.000000 119.000000 119.000000 -20.200000
320 1546853848 0.000000 37.000000 119.000000 119.000000 -20.200000
320 1546853849 0.000000 37.000000 119.000000 119.000000 -20.200000
320 1546853850 0.000000 37.000000 119.000000 119.000000 -20.200000
320 1546853781 5.000000 1.600000 1.000000 1.000000 102.400000
320 1546853782 5.000000 1.600000 1.000000 1.000000 102.400000
320 1546853783 5.000000 1.600000 1.000000 1.000000 102.400000
320 1546853784 5.000000 1.600000 1.000000 1.000000 102.400000
320 1546853785 5.000000 1.600000 1.000000 1.000000 102.400000
320 1546853851 0.000000 38.600000 127.000000 127.000000 -20.200000
320 1546853852 0.000000 38.600000 127.000000 127.000000 -20.200000
320 1546853816 -5.000000 0.200000 -1.000000 -1.000000 0.200000
320 1546853817 -5.000000 0.200000 -1.000000 -1.000000 0.200000
320 1546853818 -5.000000 0.200000 -1.000000 -1.000000 0.200000
320 1546853819 -5.000000 0.200000 -1.000000 -1.000000 0.200000
320 1546853820 -5.000000 0.200000 -1.000000 -1.000000 0.200000
320 1546853853 0.000000 38.800000 126.000000 126.000000 -20.200000
320 1546853854 0.000000 38.800000 126.000000 126.000000 -20.200000
320 1546853855 0.000000 38.800000 126.000000 126.000000 -20.200000
320 1546853856 0.000000 38.800000 126.000000 126.000000 -20.200000
320 1546853857 0.000000 38.800000 126.000000 126.000000 -20.200000
320 1546853858 0.000000 38.800000 126.000000 126.000000 -20.200000
320 1546853859 0.000000 38.800000 126.000000 126.000000 -20.200000
320 1546853860 0.000000 38.800000 126.000000 126.000000 -20.200000
320 1546853861 0.000000 38.800000 126.000000 126.000000 -20.200000
320 1546853862 0.000000 38.800000 126.000000 126.000000 -20.200000
320 1546853863 0.000000 38.800000 126.000000 126.000000 -20.200000
320 1546853864 0.000000 38.800000 126.000000 126.000000 -20.200000
320 1546853865 0.000000 38.800000 126.000000 126.000000 -20.200000
320 1546853866 0.000000 38.800000 126.000000 126.000000 -20.200000
320 1546853867 0.000000 38.800000 126.000000 126.000000 -20.200000
320 1546853868 0.000000 38.800000 126.000000 126.000000 -20.200000
320 1546853869 0.000000 38.800000 126.000000 126.000000 -20.200000
320 1546853870 0.000000 38.800000 126.000000 126.000000 -20.200000
320 1546853871 0.000000 38.800000 126.000000 126.000000 -20.200000
320 1546853872 0.000000 38.800000 126.000000 126.000000 -20.200000
320 1546853873 0.000000 38.800000 126.000000 126.000000 -20.200000
320 1546853874 0.000000 38.800000 126.000000 126.000000 -20.200000
320 1546853875 0.000000 38.800000 126.000000 126.000000 -20.200000
320 1546853876 0.000000 38.800000 126.000000 126.000000 -20.200000
320 1546853877 0.000000 38.800000 126.000000 126.000000 -20.200000
320 1546853878 0.000000 38.800000 126.000000 126.000000 -20.200000
320 1546853879 0.000000 38.800000 126.000000 126.000000 -20.200000
320 1546853880 0.000000 38.800000 126.000000 126.000000 -20.200000
320 1546853881 0.000000 38.800000 126.000000 126.000000 -20.200000
320 1546853882 0.000000 38.800000 126.000000 126.000000 -20.200000
320 1546853883 0.000000 38.800000 126.000000 126.000000 -20.200000
320 1546853884 0.000000 38.800000 126.000000 126.000000 -20.200000
320 1546853885 0.000000 38.800000 126.000000 126.000000 -20.200000
320 1546853886 0.000000 38.800000 126.000000 126.000000 -20.200000
320 1546853887 0.000000 38.800000 126.000000 126.000000 -20.200000
320 1546853888 0.000000 38.800000 126.000000 126.000000 -20.200000
320 1546853889 0.000000 38.800000 126.000000 126.000000 -20.200000
320 1546853890 0.000000 38.800000 126.000000 126.000000 -20.200000
320 1546853891 0.000000 38.800000 126.000000 126.000000 -20.200000
320 1546853892 0.000000 38.800000 126.000000 126.000000 -20.200000
320 1546853893 0.000000 38.800000 126.000000 126.000000 -20.200000
320 1546853894 0.000000 38.800000 126.000000 126.000000 -20.200000
320 1546853895 0.000000 38.800000 126.000000 126.000000 -20.200000
320 1546853896 0.000000 38.800000 126.000000 126.000000 -20.200000
320 1546853897 0.000000 38.800000 126.000000 126.000000 -20.200000
320 1546853898 0.000000 38.800000 126.000000 126.000000 -20.200000
320 1546853899 0.000000 38.800000 126.000000 126.000000 -20.200000
320 1546853900 0.000000 38.800000 126.000000 126.000000 -20.200000
320 1546853901 0.000000 38.800000 126.000000 126.000000 -20.200000
320 1546853902 0.000000 38.800000 126.000000 126.000000 -20.200000
320 1546853903 0.000000 38.800000 126.000000 126.000000 -20.200000
320 1546853904 0.000000 38.800000 126.000000 126.000000 -20.200000
320 1546853905 0.000000 38.800000 126.000000 126.000000 -20.200000
320 1546853906 0.000000 38.800000 126.000000 126.000000 -20.200000
320 1546853907 0.000000 38.800000 126.000000 126.000000 -20.200000
320 1546853908 0.000000 38.800000 126.000000 126.000000 -20.200000
320 1546853909 0.000000 38.800000 126.000000 126.000000 -20.200000
320 1546853910 0.000000 38.800000 126.000000 126.000000 -20.200000
320 1546853911 0.000000 38.800000 126.000000 126.000000 -20.200000
320 1546853911 0.000000 23.400000 -1.000000 1.000000 6.629060
320 1546853816 -2.500000 0.400000 -1.000000 0.000000 0.500000
320 1546853817 -2.500000 0.400000 -1.000000 0.000000 0.500000
320 1546853818 -2.500000 0.400000 -1.000000 0.000000 0.500000
320 1546853819 -2.500000 0.400000 -1.000000 0.000000 0.500000
320 1546853820 -2.500000 0.400000 -1.000000 0.000000 0.500000
320 1546853912 0.063898 62.600000 129.000000 129.000000 -20.200000
320 1546853913 0.031949 62.600000 131.000000 131.000000 -20.200000
320 1546853914 0.031949 62.600000 133.000000 133.000000 -20.200000
320 1546853915 0.031949 62.600000 135.000000 135.000000 -20.200000
320 1546853916 -0.003175 63.000000 134.800000 134.800000 -20.200000
320 1546853917 -0.003175 63.000000 134.600000 134.600000 -20.200000
320 1546853918 -0.003175 63.000000 134.400000 134.400000 -20.200000
320 1546853919 -0.003175 63.000000 134.200000 134.200000 -20.200000
320 1546853920 -0.003175 63.000000 134.000000 134.000000 -20.200000
320 1546853921 0.000000 63.000000 134.000000 134.000000 -20.200000
320 1546853922 0.000000 63.000000 134.000000 134.000000 -20.200000
320 1546853923 0.000000 63.000000 134.000000 134.000000 -20.200000
320 1546853924 0.000000 63.000000 134.000000 134.000000 -20.200000
320 1546853925 0.000000 63.000000 134.000000 134.000000 -20.200000
320 1546853926 0.000000 63.000000 134.000000 134.000000 -20.200000
320 1546853927 0.000000 63.000000 134.000000 134.000000 -20.200000
320 1546853928 0.000000 63.000000 134.000000 134.000000 -20.200000
320 1546853929 0.000000 63.000000 134.000000 134.000000 -20.200000
320 1546853930 0.000000 63.000000 134.000000 134.000000 -20.200000
320 1546853931 0.000000 63.000000 134.000000 134.000000 -20.200000
320 1546853932 0.000000 63.000000 134.000000 134.000000 -20.200000
320 1546853933 0.000000 63.000000 134.000000 134.000000 -20.200000
320 1546853934 0.000000 63.000000 134.000000 134.000000 -20.200000
320 1546853935 0.000000 63.000000 134.000000 134.000000 -20.200000
320 1546853936 0.000000 63.000000 134.000000 134.000000 -20.200000
320 1546853937 0.000000 63.000000 134.000000 134.000000 -20.200000
320 1546853938 0.000000 63.000000 134.000000 134.000000 -20.200000
320 1546853939 0.000000 63.000000 134.000000 134.000000 -20.200000
320 1546853940 0.000000 63.000000 134.000000 134.000000 -20.200000
320 1546853941 0.000000 63.000000 134.000000 134.000000 -20.200000
320 1546853942 0.000000 63.000000 134.000000 134.000000 -20.200000
320 1546853943 0.000000 63.000000 134.000000 134.000000 -20.200000
320 1546853944 0.000000 63.000000 134.000000 134.000000 -20.200000
320 1546853945 0.000000 63.000000 134.000000 134.000000 -20.200000
320 1546853946 0.000000 63.000000 134.000000 134.000000 -20.200000
320 1546853947 0.000000 63.000000 134.000000 134.000000 -20.200000
320 1546853948 0.000000 63.000000 134.000000 134.000000 -20.200000
320 1546853949 0.000000 63.000000 134.000000 134.000000 -20.200000
320 1546853950 0.000000 63.000000 134.000000 134.000000 -20.200000
320 1546853951 0.000000 63.000000 134.000000 134.000000 -20.200000
320 1546853911 0.000000 0.200000 0.000000 0.000000 0.000000
320 1546853912 0.000000 0.200000 0.000000 0.000000 0.000000
320 1546853913 0.000000 0.200000 0.000000 0.000000 0.000000
320 1546853914 0.000000 0.200000 0.000000 0.000000 0.000000
320 1546853915 0.000000 0.200000 0.000000 0.000000 0.000000
320 1546853952 0.000000 63.200000 134.000000 134.000000 -20.200000
320 1546853953 0.000000 63.200000 134.000000 134.000000 -20.200000
320 1546853954 0.000000 63.200000 134.000000 134.000000 -20.200000
320 1546853955 0.000000 63.200000 134.000000 134.000000 -20.200000
320 1546853956 0.000000 63.200000 134.000000 134.000000 -20.200000
320 1546853957 0.000000 63.200000 134.000000 134.000000 -20.200000
320 1546853958 0.000000 63.200000 134.000000 134.000000 -20.200000
320 1546853959 0.000000 63.200000 134.000000 134.000000 -20.200000
320 1546853960 0.000000 63.200000 134.000000 134.000000 -20.200000
320 1546853961 0.000000 63.200000 134.000000 134.000000 -20.200000
320 1546853962 0.000000 63.200000 134.000000 134.000000 -20.200000
320 1546853963 0.000000 63.200000 134.000000 134.000000 -20.200000
320 1546853964 0.000000 63.200000 134.000000 134.000000 -20.200000
320 1546853965 0.000000 63.200000 134.000000 134.000000 -20.200000
320 1546853966 0.000000 63.200000 134.000000 134.000000 -20.200000
320 1546853967 0.000000 63.200000 134.000000 134.000000 -20.200000
320 1546853968 0.000000 63.200000 134.000000 134.000000 -20.200000
320 1546853969 0.000000 63.200000 134.000000 134.000000 -20.200000
320 1546853970 0.000000 63.200000 134.000000 134.000000 -20.200000
320 1546853971 -0.040201 79.600000 130.800000 130.800000 -20.200000
320 1546853972 -0.040201 79.600000 127.600000 127.600000 -20.200000
320 1546853973 -0.040201 79.600000 124.400000 124.400000 -20.200000
320 1546853974 -0.040201 79.600000 121.200000 121.200000 -20.200000
320 1546853975 -0.040201 79.600000 118.000000 118.000000 -20.200000
320 1546853976 -0.056075 85.600000 113.200000 113.200000 -20.200000
320 1546853977 -0.056075 85.600000 108.400000 108.400000 -20.200000
320 1546853978 -0.056075 85.600000 103.600000 103.600000 -20.200000
320 1546853979 -0.056075 85.600000 98.800000 98.800000 -20.200000
320 1546853980 -0.056075 85.600000 94.000000 94.000000 -20.200000
320 1546853981 0.000000 85.600000 94.000000 94.000000 -20.200000
320 1546853982 0.000000 85.600000 94.000000 94.000000 -20.200000
320 1546853983 0.000000 85.600000 94.000000 94.000000 -20.200000
320 1546853984 0.000000 85.600000 94.000000 94.000000 -20.200000
320 1546853985 0.000000 85.600000 94.000000 94.000000 -20.200000
320 1546853986 0.000000 85.600000 94.000000 94.000000 -20.200000
320 1546853987 0.000000 85.600000 94.000000 94.000000 -20.200000
320 1546853988 0.000000 85.600000 94.000000 94.000000 -20.200000
320 1546853989 0.000000 85.600000 94.000000 94.000000 -20.200000
320 1546853990 0.000000 85.600000 94.000000 94.000000 -20.200000
320 1546853991 0.000000 85.600000 94.000000 94.000000 -20.200000
320 1546853992 0.000000 85.600000 94.000000 94.000000 -20.200000
320 1546853993 0.000000 85.600000 94.000000 94.000000 -20.200000
320 1546853994 0.000000 85.600000 94.000000 94.000000 -20.200000
320 1546853995 0.000000 85.600000 94.000000 94.000000 -20.200000
320 1546853996 0.000000 85.600000 94.000000 94.000000 -20.200000
320 1546853997 0.000000 85.600000 94.000000 94.000000 -20.200000
320 1546853998 0.000000 85.600000 94.000000 94.000000 -20.200000
320 1546853999 0.000000 85.600000 94.000000 94.000000 -20.200000
320 1546854000 0.000000 85.600000 94.000000 94.000000 -20.200000
320 1546854001 0.000000 85.600000 94.000000 94.000000 -20.200000
320 1546854002 0.000000 85.600000 94.000000 94.000000 -20.200000
320 1546854003 0.000000 85.600000 94.000000 94.000000 -20.200000
320 1546854004 0.000000 85.600000 94.000000 94.000000 -20.200000
320 1546854005 0.000000 85.600000 94.000000 94.000000 -20.200000
320 1546854006 0.000000 85.600000 94.000000 94.000000 -20.200000
320 1546854007 0.000000 85.600000 94.000000 94.000000 -20.200000
320 1546854008 0.000000 85.600000 94.000000 94.000000 -20.200000
320 1546853976 0.000000 9.200000 0.000000 0.000000 0.000000
320 1546853977 0.000000 9.200000 0.000000 0.000000 0.000000
320 1546853978 0.000000 9.200000 0.000000 0.000000 0.000000
320 1546853979 0.000000 9.200000 0.000000 0.000000 0.000000
320 1546853980 0.000000 9.200000 0.000000 0.000000 0.000000
320 1546853911 0.000000 0.200000 0.000000 0.000000 0.000000
320 1546853912 0.000000 0.200000 0.000000 0.000000 0.000000
320 1546853913 0.000000 0.200000 0.000000 0.000000 0.000000
320 1546853914 0.000000 0.200000 0.000000 0.000000 0.000000
320 1546853915 0.000000 0.200000 0.000000 0.000000 0.000000
320 1546854009 0.000000 95.000000 94.000000 94.000000 -20.200000
320 1546854010 0.000000 95.000000 94.000000 94.000000 -20.200000
320 1546854011 -0.004193 95.400000 93.600000 93.600000 -20.200000
320 1546854012 -0.004193 95.400000 93.200000 93.200000 -20.200000
320 1546854013 -0.004193 95.400000 92.800000 92.800000 -20.200000
320 1546854014 -0.004193 95.400000 92.400000 92.400000 -20.200000
320 1546854015 -0.004193 95.400000 92.000000 92.000000 -20.200000
320 1546854016 0.000000 95.400000 92.000000 92.000000 -20.200000
320 1546854017 0.000000 95.400000 92.000000 92.000000 -20.200000
320 1546854018 0.000000 95.400000 92.000000 92.000000 -20.200000
320 1546854019 0.000000 95.400000 92.000000 92.000000 -20.200000
320 1546854020 0.000000 95.400000 92.000000 92.000000 -20.200000
320 1546854021 0.000000 95.400000 92.000000 92.000000 -20.200000
320 1546854022 0.000000 95.400000 92.000000 92.000000 -20.200000
320 1546854023 0.000000 95.400000 92.000000 92.000000 -20.200000
320 1546854024 0.000000 95.400000 92.000000 92.000000 -20.200000
320 1546854025 0.000000 95.400000 92.000000 92.000000 -20.200000
320 1546854026 0.000000 95.400000 92.000000 92.000000 -20.200000
320 1546854027 0.000000 95.400000 92.000000 92.000000 -20.200000
320 1546854028 0.000000 95.400000 92.000000 92.000000 -20.200000
320 1546854029 0.000000 95.400000 92.000000 92.000000 -20.200000
320 1546854026 -0.000000 2.600000 -1.000000 0.000000 0.184615
320 1546854027 -0.000000 2.600000 -1.000000 0.000000 0.184615
320 1546854028 -0.000000 2.600000 -1.000000 0.000000 0.184615
320 1546854029 -0.000000 2.600000 -1.000000 0.000000 0.184615
320 1546853911 0.000000 0.200000 0.000000 0.000000 0.000000
320 1546853912 0.000000 0.200000 0.000000 0.000000 0.000000
320 1546853913 0.000000 0.200000 0.000000 0.000000 0.000000
320 1546853914 0.000000 0.200000 0.000000 0.000000 0.000000
320 1546853915 0.000000 0.200000 0.000000 0.000000 0.000000
320 1546853816 -5.000000 0.400000 -1.000000 -1.000000 1.600000
320 1546853817 -5.000000 0.400000 -1.000000 -1.000000 1.600000
320 1546853818 -5.000000 0.400000 -1.000000 -1.000000 1.600000
320 1546853819 -5.000000 0.400000 -1.000000 -1.000000 1.600000
320 1546853820 -5.000000 0.400000 -1.000000 -1.000000 1.600000
320 1546854030 -0.010142 98.600000 89.000000 89.000000 -20.200000
320 1546854031 -0.010000 100.000000 88.000000 88.000000 -20.200000
320 1546854032 -0.010000 100.000000 87.000000 87.000000 -20.200000
320 1546854033 -0.010000 100.000000 86.000000 86.000000 -20.200000
320 1546854034 -0.010000 100.000000 85.000000 85.000000 -20.200000
320 1546854035 -0.010000 100.000000 84.000000 84.000000 -20.200000
320 1546854036 0.000000 100.000000 84.000000 84.000000 -20.200000
320 1546854037 0.000000 100.000000 84.000000 84.000000 -20.200000
320 1546854026 0.000000 5.800000 0.000000 0.000000 0.000000
320 1546854027 0.000000 5.800000 0.000000 0.000000 0.000000
320 1546854028 0.000000 5.800000 0.000000 0.000000 0.000000
320 1546854029 0.000000 5.800000 0.000000 0.000000 0.000000
320 1546854030 0.000000 5.800000 0.000000 0.000000 0.000000
320 1546853911 0.000000 0.400000 0.000000 0.000000 0.000000
320 1546853912 0.000000 0.400000 0.000000 0.000000 0.000000
320 1546853913 0.000000 0.400000 0.000000 0.000000 0.000000
320 1546853914 0.000000 0.400000 0.000000 0.000000 0.000000
320 1546853915 0.000000 0.400000 0.000000 0.000000 0.000000
320 1546854031 -2.500000 0.400000 -1.000000 0.000000 0.500000
320 1546854032 -2.500000 0.400000 -1.000000 0.000000 0.500000
320 1546854033 -2.500000 0.400000 -1.000000 0.000000 0.500000
320 1546854034 -2.500000 0.400000 -1.000000 0.000000 0.500000
320 1546854035 -2.500000 0.400000 -1.000000 0.000000 0.500000
320 1546854038 0.000000 106.600000 83.000000 83.000000 -20.200000
320 1546854039 0.000000 106.600000 83.000000 83.000000 -20.200000
320 1546854040 0.000000 106.600000 83.000000 83.000000 -20.200000
320 1546853911 0.000000 0.600000 0.000000 0.000000 0.000000
320 1546853912 0.000000 0.600000 0.000000 0.000000 0.000000
320 1546853913 0.000000 0.600000 0.000000 0.000000 0.000000
320 1546853914 0.000000 0.600000 0.000000 0.000000 0.000000
320 1546853915 0.000000 0.600000 0.000000 0.000000 0.000000
320 1546854041 0.000000 107.200000 83.000000 83.000000 -20.200000
320 1546854042 0.000000 107.200000 83.000000 83.000000 -20.200000
320 1546854043 0.000000 107.200000 83.000000 83.000000 -20.200000
320 1546854044 0.000000 107.200000 83.000000 83.000000 -20.200000
320 1546854045 0.000000 107.200000 83.000000 83.000000 -20.200000
320 1546854046 0.000000 107.200000 83.000000 83.000000 -20.200000
320 1546854047 0.000000 107.200000 83.000000 83.000000 -20.200000
320 1546854048 0.000000 107.200000 83.000000 83.000000 -20.200000
320 1546854049 0.000000 107.200000 83.000000 83.000000 -20.200000
320 1546854050 0.000000 107.200000 83.000000 83.000000 -20.200000
320 1546854051 0.000000 107.200000 83.000000 83.000000 -20.200000
320 1546854052 0.000000 107.200000 83.000000 83.000000 -20.200000
320 1546854053 0.000000 107.200000 83.000000 83.000000 -20.200000
320 1546854054 0.000000 107.200000 83.000000 83.000000 -20.200000
320 1546854055 0.000000 107.200000 83.000000 83.000000 -20.200000
320 1546854056 -0.014679 109.000000 81.400000 81.400000 -20.200000
320 1546854057 -0.014679 109.000000 79.800000 79.800000 -20.200000
320 1546854058 -0.014679 109.000000 78.200000 78.200000 -20.200000
320 1546854059 -0.014679 109.000000 76.600000 76.600000 -20.200000
320 1546854060 -0.014679 109.000000 75.000000 75.000000 -20.200000
320 1546854061 0.000000 109.000000 75.000000 75.000000 -20.200000
320 1546854062 0.000000 109.000000 75.000000 75.000000 -20.200000
320 1546854063 0.000000 109.000000 75.000000 75.000000 -20.200000
320 1546854064 0.000000 109.000000 75.000000 75.000000 -20.200000
320 1546854065 0.000000 109.000000 75.000000 75.000000 -20.200000
320 1546854066 -0.010526 114.000000 73.800000 73.800000 -20.200000
320 1546854067 -0.010526 114.000000 72.600000 72.600000 -20.200000
320 1546854068 -0.010526 114.000000 71.400000 71.400000 -20.200000
320 1546854069 -0.010526 114.000000 70.200000 70.200000 -20.200000
320 1546854070 -0.010526 114.000000 69.000000 69.000000 -20.200000
320 1546854071 0.000000 114.000000 69.000000 69.000000 -20.200000
320 1546854072 0.000000 114.000000 69.000000 69.000000 -20.200000
320 1546854073 0.000000 114.000000 69.000000 69.000000 -20.200000
320 1546854074 0.000000 114.000000 69.000000 69.000000 -20.200000
320 1546854075 0.000000 114.000000 69.000000 69.000000 -20.200000
320 1546854076 -0.001748 114.400000 68.800000 68.800000 -20.200000
320 1546854077 -0.001748 114.400000 68.600000 68.600000 -20.200000
320 1546854078 -0.001748 114.400000 68.400000 68.400000 -20.200000
320 1546854079 -0.001748 114.400000 68.200000 68.200000 -20.200000
320 1546854080 -0.001748 114.400000 68.000000 68.000000 -20.200000
320 1546854081 0.000000 114.400000 68.000000 68.000000 -20.200000
320 1546854082 0.000000 114.400000 68.000000 68.000000 -20.200000
320 1546854083 0.000000 114.400000 68.000000 68.000000 -20.200000
320 1546854084 0.000000 114.400000 68.000000 68.000000 -20.200000
320 1546854085 0.000000 114.400000 68.000000 68.000000 -20.200000
320 1546854086 0.000000 114.400000 68.000000 68.000000 -20.200000
320 1546854087 0.000000 114.400000 68.000000 68.000000 -20.200000
320 1546854088 0.000000 114.400000 68.000000 68.000000 -20.200000
320 1546854089 0.000000 114.400000 68.000000 68.000000 -20.200000
320 1546854090 0.000000 114.400000 68.000000 68.000000 -20.200000
320 1546854091 0.000000 114.400000 68.000000 68.000000 -20.200000
320 1546854092 0.000000 114.400000 68.000000 68.000000 -20.200000
320 1546854093 0.000000 114.400000 68.000000 68.000000 -20.200000
320 1546854094 0.000000 114.400000 68.000000 68.000000 -20.200000
